0 Minifig - Rebel Technician
0 Name: 7140 - Minifig - Rebel Technician.ldr
0 Author: Daniel Goerner [TK-949]
0 !LDRAW_ORG Model
0 !LICENSE Redistributable under CCAL version 2.0 : see CAreadme.txt

0 // Color Definitions
0 !COLOUR Yellow                 CODE    14   VALUE #F2CD37   EDGE #333333
0 !COLOUR White                  CODE    15   VALUE #FFFFFF   EDGE #333333
0 !COLOUR Tan                    CODE    19   VALUE #E4CD9E   EDGE #333333
0 !COLOUR Dark_Tan               CODE    28   VALUE #958A73   EDGE #333333
0

1 19 0 32 0 1 0 0 0 1 0 0 0 1 parts/3815.dat
1 28 0 44 0 1 0 0 0 1 0 0 0 1 parts/3816.dat
1 19 0 44 0 1 0 0 0 1 0 0 0 1 parts/3817.dat
0 STEP
1 19 0 0 0 1 0 0 0 1 0 0 0 1 parts/973psa.dat
1 19 -15.552 9 0 0.985 -0.17 0 0.148685 0.8615 -0.48481 0.0824176 0.477537 0.87462 parts/3818.dat
1 19 15.552 9 0 0.985 0.17 0 -0.148685 0.8615 -0.48481 -0.0824176 0.477537 0.87462 parts/3819.dat
1 14 -23.863 29.389 -0.494 0.988435 -0.0364139 0.1442 0.148286 0.316345 -0.936448 -0.0115209 0.947555 0.31864 parts/3820.dat
1 14 23.863 29.389 -0.494 0.987963 0.0699934 -0.134718 -0.150091 0.316248 -0.936193 -0.02293 0.9457 0.323502 parts/3820.dat
0 STEP
1 14 0 -24 0 1 0 0 0 1 0 0 0 1 parts/3626bp35.dat
0 STEP
1 19 0 -24 0 1 0 0 0 1 0 0 0 1 parts/4485.dat

