0 FILE ogygia-grove.ldr
0 !LDRAW_ORG Unofficial_Model
0 Authored Odyssey blocking study; units LDU; not a physical stability certificate
1 28 -560 8 480 1 0 0 0 1 0 0 0 1 3031.dat
1 28 -560 8 400 1 0 0 0 1 0 0 0 1 3031.dat
1 28 -560 8 320 1 0 0 0 1 0 0 0 1 3031.dat
1 28 -560 8 240 1 0 0 0 1 0 0 0 1 3031.dat
1 28 -560 8 160 1 0 0 0 1 0 0 0 1 3031.dat
1 28 -560 8 80 1 0 0 0 1 0 0 0 1 3031.dat
1 28 -560 8 0 1 0 0 0 1 0 0 0 1 3031.dat
1 19 -560 8 -80 1 0 0 0 1 0 0 0 1 3031.dat
1 3 -560 8 -160 1 0 0 0 1 0 0 0 1 3031.dat
1 3 -560 8 -240 1 0 0 0 1 0 0 0 1 3031.dat
1 3 -560 8 -320 1 0 0 0 1 0 0 0 1 3031.dat
1 3 -560 8 -400 1 0 0 0 1 0 0 0 1 3031.dat
1 3 -560 8 -480 1 0 0 0 1 0 0 0 1 3031.dat
1 28 -480 8 480 1 0 0 0 1 0 0 0 1 3031.dat
1 28 -480 8 400 1 0 0 0 1 0 0 0 1 3031.dat
1 28 -480 8 320 1 0 0 0 1 0 0 0 1 3031.dat
1 28 -480 8 240 1 0 0 0 1 0 0 0 1 3031.dat
1 28 -480 8 160 1 0 0 0 1 0 0 0 1 3031.dat
1 28 -480 8 80 1 0 0 0 1 0 0 0 1 3031.dat
1 28 -480 8 0 1 0 0 0 1 0 0 0 1 3031.dat
1 19 -480 8 -80 1 0 0 0 1 0 0 0 1 3031.dat
1 3 -480 8 -160 1 0 0 0 1 0 0 0 1 3031.dat
1 3 -480 8 -240 1 0 0 0 1 0 0 0 1 3031.dat
1 3 -480 8 -320 1 0 0 0 1 0 0 0 1 3031.dat
1 3 -480 8 -400 1 0 0 0 1 0 0 0 1 3031.dat
1 3 -480 8 -480 1 0 0 0 1 0 0 0 1 3031.dat
1 28 -400 8 480 1 0 0 0 1 0 0 0 1 3031.dat
1 28 -400 8 400 1 0 0 0 1 0 0 0 1 3031.dat
1 28 -400 8 320 1 0 0 0 1 0 0 0 1 3031.dat
1 28 -400 8 240 1 0 0 0 1 0 0 0 1 3031.dat
1 28 -400 8 160 1 0 0 0 1 0 0 0 1 3031.dat
1 28 -400 8 80 1 0 0 0 1 0 0 0 1 3031.dat
1 28 -400 8 0 1 0 0 0 1 0 0 0 1 3031.dat
1 19 -400 8 -80 1 0 0 0 1 0 0 0 1 3031.dat
1 3 -400 8 -160 1 0 0 0 1 0 0 0 1 3031.dat
1 3 -400 8 -240 1 0 0 0 1 0 0 0 1 3031.dat
1 3 -400 8 -320 1 0 0 0 1 0 0 0 1 3031.dat
1 3 -400 8 -400 1 0 0 0 1 0 0 0 1 3031.dat
1 3 -400 8 -480 1 0 0 0 1 0 0 0 1 3031.dat
1 28 -320 8 480 1 0 0 0 1 0 0 0 1 3031.dat
1 28 -320 8 400 1 0 0 0 1 0 0 0 1 3031.dat
1 28 -320 8 320 1 0 0 0 1 0 0 0 1 3031.dat
1 28 -320 8 240 1 0 0 0 1 0 0 0 1 3031.dat
1 28 -320 8 160 1 0 0 0 1 0 0 0 1 3031.dat
1 28 -320 8 80 1 0 0 0 1 0 0 0 1 3031.dat
1 28 -320 8 0 1 0 0 0 1 0 0 0 1 3031.dat
1 19 -320 8 -80 1 0 0 0 1 0 0 0 1 3031.dat
1 3 -320 8 -160 1 0 0 0 1 0 0 0 1 3031.dat
1 3 -320 8 -240 1 0 0 0 1 0 0 0 1 3031.dat
1 3 -320 8 -320 1 0 0 0 1 0 0 0 1 3031.dat
1 3 -320 8 -400 1 0 0 0 1 0 0 0 1 3031.dat
1 3 -320 8 -480 1 0 0 0 1 0 0 0 1 3031.dat
1 28 -240 8 480 1 0 0 0 1 0 0 0 1 3031.dat
1 28 -240 8 400 1 0 0 0 1 0 0 0 1 3031.dat
1 28 -240 8 320 1 0 0 0 1 0 0 0 1 3031.dat
1 28 -240 8 240 1 0 0 0 1 0 0 0 1 3031.dat
1 28 -240 8 160 1 0 0 0 1 0 0 0 1 3031.dat
1 28 -240 8 80 1 0 0 0 1 0 0 0 1 3031.dat
1 28 -240 8 0 1 0 0 0 1 0 0 0 1 3031.dat
1 19 -240 8 -80 1 0 0 0 1 0 0 0 1 3031.dat
1 19 -240 8 -160 1 0 0 0 1 0 0 0 1 3031.dat
1 3 -240 8 -240 1 0 0 0 1 0 0 0 1 3031.dat
1 3 -240 8 -320 1 0 0 0 1 0 0 0 1 3031.dat
1 3 -240 8 -400 1 0 0 0 1 0 0 0 1 3031.dat
1 3 -240 8 -480 1 0 0 0 1 0 0 0 1 3031.dat
1 28 -160 8 480 1 0 0 0 1 0 0 0 1 3031.dat
1 28 -160 8 400 1 0 0 0 1 0 0 0 1 3031.dat
1 28 -160 8 320 1 0 0 0 1 0 0 0 1 3031.dat
1 28 -160 8 240 1 0 0 0 1 0 0 0 1 3031.dat
1 28 -160 8 160 1 0 0 0 1 0 0 0 1 3031.dat
1 28 -160 8 80 1 0 0 0 1 0 0 0 1 3031.dat
1 28 -160 8 0 1 0 0 0 1 0 0 0 1 3031.dat
1 19 -160 8 -80 1 0 0 0 1 0 0 0 1 3031.dat
1 19 -160 8 -160 1 0 0 0 1 0 0 0 1 3031.dat
1 3 -160 8 -240 1 0 0 0 1 0 0 0 1 3031.dat
1 3 -160 8 -320 1 0 0 0 1 0 0 0 1 3031.dat
1 3 -160 8 -400 1 0 0 0 1 0 0 0 1 3031.dat
1 3 -160 8 -480 1 0 0 0 1 0 0 0 1 3031.dat
1 28 -80 8 480 1 0 0 0 1 0 0 0 1 3031.dat
1 28 -80 8 400 1 0 0 0 1 0 0 0 1 3031.dat
1 28 -80 8 320 1 0 0 0 1 0 0 0 1 3031.dat
1 28 -80 8 240 1 0 0 0 1 0 0 0 1 3031.dat
1 28 -80 8 160 1 0 0 0 1 0 0 0 1 3031.dat
1 28 -80 8 80 1 0 0 0 1 0 0 0 1 3031.dat
1 28 -80 8 0 1 0 0 0 1 0 0 0 1 3031.dat
1 19 -80 8 -80 1 0 0 0 1 0 0 0 1 3031.dat
1 19 -80 8 -160 1 0 0 0 1 0 0 0 1 3031.dat
1 3 -80 8 -240 1 0 0 0 1 0 0 0 1 3031.dat
1 3 -80 8 -320 1 0 0 0 1 0 0 0 1 3031.dat
1 3 -80 8 -400 1 0 0 0 1 0 0 0 1 3031.dat
1 3 -80 8 -480 1 0 0 0 1 0 0 0 1 3031.dat
1 28 0 8 480 1 0 0 0 1 0 0 0 1 3031.dat
1 28 0 8 400 1 0 0 0 1 0 0 0 1 3031.dat
1 28 0 8 320 1 0 0 0 1 0 0 0 1 3031.dat
1 28 0 8 240 1 0 0 0 1 0 0 0 1 3031.dat
1 28 0 8 160 1 0 0 0 1 0 0 0 1 3031.dat
1 28 0 8 80 1 0 0 0 1 0 0 0 1 3031.dat
1 28 0 8 0 1 0 0 0 1 0 0 0 1 3031.dat
1 19 0 8 -80 1 0 0 0 1 0 0 0 1 3031.dat
1 19 0 8 -160 1 0 0 0 1 0 0 0 1 3031.dat
1 3 0 8 -240 1 0 0 0 1 0 0 0 1 3031.dat
1 3 0 8 -320 1 0 0 0 1 0 0 0 1 3031.dat
1 3 0 8 -400 1 0 0 0 1 0 0 0 1 3031.dat
1 3 0 8 -480 1 0 0 0 1 0 0 0 1 3031.dat
1 28 80 8 480 1 0 0 0 1 0 0 0 1 3031.dat
1 28 80 8 400 1 0 0 0 1 0 0 0 1 3031.dat
1 28 80 8 320 1 0 0 0 1 0 0 0 1 3031.dat
1 28 80 8 240 1 0 0 0 1 0 0 0 1 3031.dat
1 28 80 8 160 1 0 0 0 1 0 0 0 1 3031.dat
1 28 80 8 80 1 0 0 0 1 0 0 0 1 3031.dat
1 28 80 8 0 1 0 0 0 1 0 0 0 1 3031.dat
1 19 80 8 -80 1 0 0 0 1 0 0 0 1 3031.dat
1 19 80 8 -160 1 0 0 0 1 0 0 0 1 3031.dat
1 3 80 8 -240 1 0 0 0 1 0 0 0 1 3031.dat
1 3 80 8 -320 1 0 0 0 1 0 0 0 1 3031.dat
1 3 80 8 -400 1 0 0 0 1 0 0 0 1 3031.dat
1 3 80 8 -480 1 0 0 0 1 0 0 0 1 3031.dat
1 28 160 8 480 1 0 0 0 1 0 0 0 1 3031.dat
1 28 160 8 400 1 0 0 0 1 0 0 0 1 3031.dat
1 28 160 8 320 1 0 0 0 1 0 0 0 1 3031.dat
1 28 160 8 240 1 0 0 0 1 0 0 0 1 3031.dat
1 28 160 8 160 1 0 0 0 1 0 0 0 1 3031.dat
1 28 160 8 80 1 0 0 0 1 0 0 0 1 3031.dat
1 28 160 8 0 1 0 0 0 1 0 0 0 1 3031.dat
1 19 160 8 -80 1 0 0 0 1 0 0 0 1 3031.dat
1 19 160 8 -160 1 0 0 0 1 0 0 0 1 3031.dat
1 3 160 8 -240 1 0 0 0 1 0 0 0 1 3031.dat
1 3 160 8 -320 1 0 0 0 1 0 0 0 1 3031.dat
1 3 160 8 -400 1 0 0 0 1 0 0 0 1 3031.dat
1 3 160 8 -480 1 0 0 0 1 0 0 0 1 3031.dat
1 28 240 8 480 1 0 0 0 1 0 0 0 1 3031.dat
1 28 240 8 400 1 0 0 0 1 0 0 0 1 3031.dat
1 28 240 8 320 1 0 0 0 1 0 0 0 1 3031.dat
1 28 240 8 240 1 0 0 0 1 0 0 0 1 3031.dat
1 28 240 8 160 1 0 0 0 1 0 0 0 1 3031.dat
1 28 240 8 80 1 0 0 0 1 0 0 0 1 3031.dat
1 28 240 8 0 1 0 0 0 1 0 0 0 1 3031.dat
1 19 240 8 -80 1 0 0 0 1 0 0 0 1 3031.dat
1 19 240 8 -160 1 0 0 0 1 0 0 0 1 3031.dat
1 3 240 8 -240 1 0 0 0 1 0 0 0 1 3031.dat
1 3 240 8 -320 1 0 0 0 1 0 0 0 1 3031.dat
1 3 240 8 -400 1 0 0 0 1 0 0 0 1 3031.dat
1 3 240 8 -480 1 0 0 0 1 0 0 0 1 3031.dat
1 28 320 8 480 1 0 0 0 1 0 0 0 1 3031.dat
1 28 320 8 400 1 0 0 0 1 0 0 0 1 3031.dat
1 28 320 8 320 1 0 0 0 1 0 0 0 1 3031.dat
1 28 320 8 240 1 0 0 0 1 0 0 0 1 3031.dat
1 28 320 8 160 1 0 0 0 1 0 0 0 1 3031.dat
1 28 320 8 80 1 0 0 0 1 0 0 0 1 3031.dat
1 28 320 8 0 1 0 0 0 1 0 0 0 1 3031.dat
1 19 320 8 -80 1 0 0 0 1 0 0 0 1 3031.dat
1 3 320 8 -160 1 0 0 0 1 0 0 0 1 3031.dat
1 3 320 8 -240 1 0 0 0 1 0 0 0 1 3031.dat
1 3 320 8 -320 1 0 0 0 1 0 0 0 1 3031.dat
1 3 320 8 -400 1 0 0 0 1 0 0 0 1 3031.dat
1 3 320 8 -480 1 0 0 0 1 0 0 0 1 3031.dat
1 28 400 8 480 1 0 0 0 1 0 0 0 1 3031.dat
1 28 400 8 400 1 0 0 0 1 0 0 0 1 3031.dat
1 28 400 8 320 1 0 0 0 1 0 0 0 1 3031.dat
1 28 400 8 240 1 0 0 0 1 0 0 0 1 3031.dat
1 28 400 8 160 1 0 0 0 1 0 0 0 1 3031.dat
1 28 400 8 80 1 0 0 0 1 0 0 0 1 3031.dat
1 28 400 8 0 1 0 0 0 1 0 0 0 1 3031.dat
1 19 400 8 -80 1 0 0 0 1 0 0 0 1 3031.dat
1 3 400 8 -160 1 0 0 0 1 0 0 0 1 3031.dat
1 3 400 8 -240 1 0 0 0 1 0 0 0 1 3031.dat
1 3 400 8 -320 1 0 0 0 1 0 0 0 1 3031.dat
1 3 400 8 -400 1 0 0 0 1 0 0 0 1 3031.dat
1 3 400 8 -480 1 0 0 0 1 0 0 0 1 3031.dat
1 28 480 8 480 1 0 0 0 1 0 0 0 1 3031.dat
1 28 480 8 400 1 0 0 0 1 0 0 0 1 3031.dat
1 28 480 8 320 1 0 0 0 1 0 0 0 1 3031.dat
1 28 480 8 240 1 0 0 0 1 0 0 0 1 3031.dat
1 28 480 8 160 1 0 0 0 1 0 0 0 1 3031.dat
1 28 480 8 80 1 0 0 0 1 0 0 0 1 3031.dat
1 28 480 8 0 1 0 0 0 1 0 0 0 1 3031.dat
1 19 480 8 -80 1 0 0 0 1 0 0 0 1 3031.dat
1 3 480 8 -160 1 0 0 0 1 0 0 0 1 3031.dat
1 3 480 8 -240 1 0 0 0 1 0 0 0 1 3031.dat
1 3 480 8 -320 1 0 0 0 1 0 0 0 1 3031.dat
1 3 480 8 -400 1 0 0 0 1 0 0 0 1 3031.dat
1 3 480 8 -480 1 0 0 0 1 0 0 0 1 3031.dat
1 28 560 8 480 1 0 0 0 1 0 0 0 1 3031.dat
1 28 560 8 400 1 0 0 0 1 0 0 0 1 3031.dat
1 28 560 8 320 1 0 0 0 1 0 0 0 1 3031.dat
1 28 560 8 240 1 0 0 0 1 0 0 0 1 3031.dat
1 28 560 8 160 1 0 0 0 1 0 0 0 1 3031.dat
1 28 560 8 80 1 0 0 0 1 0 0 0 1 3031.dat
1 28 560 8 0 1 0 0 0 1 0 0 0 1 3031.dat
1 19 560 8 -80 1 0 0 0 1 0 0 0 1 3031.dat
1 3 560 8 -160 1 0 0 0 1 0 0 0 1 3031.dat
1 3 560 8 -240 1 0 0 0 1 0 0 0 1 3031.dat
1 3 560 8 -320 1 0 0 0 1 0 0 0 1 3031.dat
1 3 560 8 -400 1 0 0 0 1 0 0 0 1 3031.dat
1 3 560 8 -480 1 0 0 0 1 0 0 0 1 3031.dat
1 71 -320 -16 200 1 0 0 0 1 0 0 0 1 3001.dat
1 71 -320 -40 200 1 0 0 0 1 0 0 0 1 3001.dat
1 71 -320 -64 200 1 0 0 0 1 0 0 0 1 3001.dat
1 71 -320 -88 200 1 0 0 0 1 0 0 0 1 3001.dat
1 71 -320 -16 160 1 0 0 0 1 0 0 0 1 3001.dat
1 71 -320 -40 160 1 0 0 0 1 0 0 0 1 3001.dat
1 71 -320 -64 160 1 0 0 0 1 0 0 0 1 3001.dat
1 71 -320 -88 160 1 0 0 0 1 0 0 0 1 3001.dat
1 71 -320 -16 120 1 0 0 0 1 0 0 0 1 3001.dat
1 71 -320 -40 120 1 0 0 0 1 0 0 0 1 3001.dat
1 71 -320 -64 120 1 0 0 0 1 0 0 0 1 3001.dat
1 71 -320 -88 120 1 0 0 0 1 0 0 0 1 3001.dat
1 71 -320 -16 80 1 0 0 0 1 0 0 0 1 3001.dat
1 71 -320 -40 80 1 0 0 0 1 0 0 0 1 3001.dat
1 71 -320 -64 80 1 0 0 0 1 0 0 0 1 3001.dat
1 71 -320 -16 40 1 0 0 0 1 0 0 0 1 3001.dat
1 71 -320 -40 40 1 0 0 0 1 0 0 0 1 3001.dat
1 71 -320 -64 40 1 0 0 0 1 0 0 0 1 3001.dat
1 71 -320 -16 0 1 0 0 0 1 0 0 0 1 3001.dat
1 71 -320 -40 0 1 0 0 0 1 0 0 0 1 3001.dat
1 71 -320 -64 0 1 0 0 0 1 0 0 0 1 3001.dat
1 71 -320 -16 -40 1 0 0 0 1 0 0 0 1 3001.dat
1 71 -320 -40 -40 1 0 0 0 1 0 0 0 1 3001.dat
1 71 -320 -16 -80 1 0 0 0 1 0 0 0 1 3001.dat
1 71 -320 -40 -80 1 0 0 0 1 0 0 0 1 3001.dat
1 71 -400 -16 200 1 0 0 0 1 0 0 0 1 3001.dat
1 71 -400 -40 200 1 0 0 0 1 0 0 0 1 3001.dat
1 71 -400 -64 200 1 0 0 0 1 0 0 0 1 3001.dat
1 71 -400 -16 160 1 0 0 0 1 0 0 0 1 3001.dat
1 71 -400 -40 160 1 0 0 0 1 0 0 0 1 3001.dat
1 71 -400 -64 160 1 0 0 0 1 0 0 0 1 3001.dat
1 71 -400 -16 120 1 0 0 0 1 0 0 0 1 3001.dat
1 71 -400 -40 120 1 0 0 0 1 0 0 0 1 3001.dat
1 71 -400 -64 120 1 0 0 0 1 0 0 0 1 3001.dat
1 71 -400 -16 80 1 0 0 0 1 0 0 0 1 3001.dat
1 71 -400 -40 80 1 0 0 0 1 0 0 0 1 3001.dat
1 71 -400 -16 40 1 0 0 0 1 0 0 0 1 3001.dat
1 71 -400 -40 40 1 0 0 0 1 0 0 0 1 3001.dat
1 71 -400 -16 0 1 0 0 0 1 0 0 0 1 3001.dat
1 71 -400 -40 0 1 0 0 0 1 0 0 0 1 3001.dat
1 71 -400 -16 -40 1 0 0 0 1 0 0 0 1 3001.dat
1 71 -400 -16 -80 1 0 0 0 1 0 0 0 1 3001.dat
1 71 -480 -16 200 1 0 0 0 1 0 0 0 1 3001.dat
1 71 -480 -40 200 1 0 0 0 1 0 0 0 1 3001.dat
1 71 -480 -16 160 1 0 0 0 1 0 0 0 1 3001.dat
1 71 -480 -40 160 1 0 0 0 1 0 0 0 1 3001.dat
1 71 -480 -16 120 1 0 0 0 1 0 0 0 1 3001.dat
1 71 -480 -40 120 1 0 0 0 1 0 0 0 1 3001.dat
1 71 -480 -16 80 1 0 0 0 1 0 0 0 1 3001.dat
1 71 -480 -16 40 1 0 0 0 1 0 0 0 1 3001.dat
1 71 -480 -16 0 1 0 0 0 1 0 0 0 1 3001.dat
1 71 -480 -16 -40 1 0 0 0 1 0 0 0 1 3001.dat
1 71 -480 -16 -80 1 0 0 0 1 0 0 0 1 3001.dat
1 71 -560 -16 200 1 0 0 0 1 0 0 0 1 3001.dat
1 71 -560 -16 160 1 0 0 0 1 0 0 0 1 3001.dat
1 71 -560 -16 120 1 0 0 0 1 0 0 0 1 3001.dat
1 71 -560 -16 80 1 0 0 0 1 0 0 0 1 3001.dat
1 71 -560 -16 40 1 0 0 0 1 0 0 0 1 3001.dat
1 71 -560 -16 0 1 0 0 0 1 0 0 0 1 3001.dat
1 71 -560 -16 -40 1 0 0 0 1 0 0 0 1 3001.dat
1 71 -560 -16 -80 1 0 0 0 1 0 0 0 1 3001.dat
1 71 320 -16 200 1 0 0 0 1 0 0 0 1 3001.dat
1 71 320 -40 200 1 0 0 0 1 0 0 0 1 3001.dat
1 71 320 -64 200 1 0 0 0 1 0 0 0 1 3001.dat
1 71 320 -88 200 1 0 0 0 1 0 0 0 1 3001.dat
1 71 320 -16 160 1 0 0 0 1 0 0 0 1 3001.dat
1 71 320 -40 160 1 0 0 0 1 0 0 0 1 3001.dat
1 71 320 -64 160 1 0 0 0 1 0 0 0 1 3001.dat
1 71 320 -88 160 1 0 0 0 1 0 0 0 1 3001.dat
1 71 320 -16 120 1 0 0 0 1 0 0 0 1 3001.dat
1 71 320 -40 120 1 0 0 0 1 0 0 0 1 3001.dat
1 71 320 -64 120 1 0 0 0 1 0 0 0 1 3001.dat
1 71 320 -88 120 1 0 0 0 1 0 0 0 1 3001.dat
1 71 320 -16 80 1 0 0 0 1 0 0 0 1 3001.dat
1 71 320 -40 80 1 0 0 0 1 0 0 0 1 3001.dat
1 71 320 -64 80 1 0 0 0 1 0 0 0 1 3001.dat
1 71 320 -16 40 1 0 0 0 1 0 0 0 1 3001.dat
1 71 320 -40 40 1 0 0 0 1 0 0 0 1 3001.dat
1 71 320 -64 40 1 0 0 0 1 0 0 0 1 3001.dat
1 71 320 -16 0 1 0 0 0 1 0 0 0 1 3001.dat
1 71 320 -40 0 1 0 0 0 1 0 0 0 1 3001.dat
1 71 320 -64 0 1 0 0 0 1 0 0 0 1 3001.dat
1 71 320 -16 -40 1 0 0 0 1 0 0 0 1 3001.dat
1 71 320 -40 -40 1 0 0 0 1 0 0 0 1 3001.dat
1 71 320 -16 -80 1 0 0 0 1 0 0 0 1 3001.dat
1 71 320 -40 -80 1 0 0 0 1 0 0 0 1 3001.dat
1 71 400 -16 200 1 0 0 0 1 0 0 0 1 3001.dat
1 71 400 -40 200 1 0 0 0 1 0 0 0 1 3001.dat
1 71 400 -64 200 1 0 0 0 1 0 0 0 1 3001.dat
1 71 400 -16 160 1 0 0 0 1 0 0 0 1 3001.dat
1 71 400 -40 160 1 0 0 0 1 0 0 0 1 3001.dat
1 71 400 -64 160 1 0 0 0 1 0 0 0 1 3001.dat
1 71 400 -16 120 1 0 0 0 1 0 0 0 1 3001.dat
1 71 400 -40 120 1 0 0 0 1 0 0 0 1 3001.dat
1 71 400 -64 120 1 0 0 0 1 0 0 0 1 3001.dat
1 71 400 -16 80 1 0 0 0 1 0 0 0 1 3001.dat
1 71 400 -40 80 1 0 0 0 1 0 0 0 1 3001.dat
1 71 400 -16 40 1 0 0 0 1 0 0 0 1 3001.dat
1 71 400 -40 40 1 0 0 0 1 0 0 0 1 3001.dat
1 71 400 -16 0 1 0 0 0 1 0 0 0 1 3001.dat
1 71 400 -40 0 1 0 0 0 1 0 0 0 1 3001.dat
1 71 400 -16 -40 1 0 0 0 1 0 0 0 1 3001.dat
1 71 400 -16 -80 1 0 0 0 1 0 0 0 1 3001.dat
1 71 480 -16 200 1 0 0 0 1 0 0 0 1 3001.dat
1 71 480 -40 200 1 0 0 0 1 0 0 0 1 3001.dat
1 71 480 -16 160 1 0 0 0 1 0 0 0 1 3001.dat
1 71 480 -40 160 1 0 0 0 1 0 0 0 1 3001.dat
1 71 480 -16 120 1 0 0 0 1 0 0 0 1 3001.dat
1 71 480 -40 120 1 0 0 0 1 0 0 0 1 3001.dat
1 71 480 -16 80 1 0 0 0 1 0 0 0 1 3001.dat
1 71 480 -16 40 1 0 0 0 1 0 0 0 1 3001.dat
1 71 480 -16 0 1 0 0 0 1 0 0 0 1 3001.dat
1 71 480 -16 -40 1 0 0 0 1 0 0 0 1 3001.dat
1 71 480 -16 -80 1 0 0 0 1 0 0 0 1 3001.dat
1 71 560 -16 200 1 0 0 0 1 0 0 0 1 3001.dat
1 71 560 -16 160 1 0 0 0 1 0 0 0 1 3001.dat
1 71 560 -16 120 1 0 0 0 1 0 0 0 1 3001.dat
1 71 560 -16 80 1 0 0 0 1 0 0 0 1 3001.dat
1 71 560 -16 40 1 0 0 0 1 0 0 0 1 3001.dat
1 71 560 -16 0 1 0 0 0 1 0 0 0 1 3001.dat
1 71 560 -16 -40 1 0 0 0 1 0 0 0 1 3001.dat
1 71 560 -16 -80 1 0 0 0 1 0 0 0 1 3001.dat
1 70 -320 -16 240 1 0 0 0 1 0 0 0 1 3941.dat
1 70 -320 -40 240 1 0 0 0 1 0 0 0 1 3941.dat
1 70 -320 -64 240 1 0 0 0 1 0 0 0 1 3941.dat
1 70 -320 -88 240 1 0 0 0 1 0 0 0 1 3941.dat
1 70 -320 -112 240 1 0 0 0 1 0 0 0 1 3941.dat
1 70 -320 -136 240 1 0 0 0 1 0 0 0 1 3941.dat
1 70 -320 -160 240 1 0 0 0 1 0 0 0 1 3941.dat
1 2 -340 -160 240 1 0 0 0 1 0 0 0 1 2423.dat
1 2 -300 -160 240 1 0 0 0 1 0 0 0 1 2423.dat
1 2 -320 -160 220 1 0 0 0 1 0 0 0 1 2423.dat
1 2 -320 -160 260 1 0 0 0 1 0 0 0 1 2423.dat
1 2 -320 -160 240 1 0 0 0 1 0 0 0 1 2423.dat
1 70 -200 -16 320 1 0 0 0 1 0 0 0 1 3941.dat
1 70 -200 -40 320 1 0 0 0 1 0 0 0 1 3941.dat
1 70 -200 -64 320 1 0 0 0 1 0 0 0 1 3941.dat
1 70 -200 -88 320 1 0 0 0 1 0 0 0 1 3941.dat
1 70 -200 -112 320 1 0 0 0 1 0 0 0 1 3941.dat
1 70 -200 -136 320 1 0 0 0 1 0 0 0 1 3941.dat
1 70 -200 -160 320 1 0 0 0 1 0 0 0 1 3941.dat
1 70 -200 -184 320 1 0 0 0 1 0 0 0 1 3941.dat
1 2 -220 -184 320 1 0 0 0 1 0 0 0 1 2423.dat
1 2 -180 -184 320 1 0 0 0 1 0 0 0 1 2423.dat
1 2 -200 -184 300 1 0 0 0 1 0 0 0 1 2423.dat
1 2 -200 -184 340 1 0 0 0 1 0 0 0 1 2423.dat
1 2 -200 -184 320 1 0 0 0 1 0 0 0 1 2423.dat
1 70 320 -16 260 1 0 0 0 1 0 0 0 1 3941.dat
1 70 320 -40 260 1 0 0 0 1 0 0 0 1 3941.dat
1 70 320 -64 260 1 0 0 0 1 0 0 0 1 3941.dat
1 70 320 -88 260 1 0 0 0 1 0 0 0 1 3941.dat
1 70 320 -112 260 1 0 0 0 1 0 0 0 1 3941.dat
1 70 320 -136 260 1 0 0 0 1 0 0 0 1 3941.dat
1 70 320 -160 260 1 0 0 0 1 0 0 0 1 3941.dat
1 2 300 -160 260 1 0 0 0 1 0 0 0 1 2423.dat
1 2 340 -160 260 1 0 0 0 1 0 0 0 1 2423.dat
1 2 320 -160 240 1 0 0 0 1 0 0 0 1 2423.dat
1 2 320 -160 280 1 0 0 0 1 0 0 0 1 2423.dat
1 2 320 -160 260 1 0 0 0 1 0 0 0 1 2423.dat
1 70 440 -16 160 1 0 0 0 1 0 0 0 1 3941.dat
1 70 440 -40 160 1 0 0 0 1 0 0 0 1 3941.dat
1 70 440 -64 160 1 0 0 0 1 0 0 0 1 3941.dat
1 70 440 -88 160 1 0 0 0 1 0 0 0 1 3941.dat
1 70 440 -112 160 1 0 0 0 1 0 0 0 1 3941.dat
1 70 440 -136 160 1 0 0 0 1 0 0 0 1 3941.dat
1 2 420 -136 160 1 0 0 0 1 0 0 0 1 2423.dat
1 2 460 -136 160 1 0 0 0 1 0 0 0 1 2423.dat
1 2 440 -136 140 1 0 0 0 1 0 0 0 1 2423.dat
1 2 440 -136 180 1 0 0 0 1 0 0 0 1 2423.dat
1 2 440 -136 160 1 0 0 0 1 0 0 0 1 2423.dat
1 70 -440 -16 80 1 0 0 0 1 0 0 0 1 3941.dat
1 70 -440 -40 80 1 0 0 0 1 0 0 0 1 3941.dat
1 70 -440 -64 80 1 0 0 0 1 0 0 0 1 3941.dat
1 70 -440 -88 80 1 0 0 0 1 0 0 0 1 3941.dat
1 70 -440 -112 80 1 0 0 0 1 0 0 0 1 3941.dat
1 70 -440 -136 80 1 0 0 0 1 0 0 0 1 3941.dat
1 2 -460 -136 80 1 0 0 0 1 0 0 0 1 2423.dat
1 2 -420 -136 80 1 0 0 0 1 0 0 0 1 2423.dat
1 2 -440 -136 60 1 0 0 0 1 0 0 0 1 2423.dat
1 2 -440 -136 100 1 0 0 0 1 0 0 0 1 2423.dat
1 2 -440 -136 80 1 0 0 0 1 0 0 0 1 2423.dat
1 72 -120 -16 240 1 0 0 0 1 0 0 0 1 3001.dat
1 72 -120 -40 240 1 0 0 0 1 0 0 0 1 3001.dat
1 72 -120 -64 240 1 0 0 0 1 0 0 0 1 3001.dat
1 72 -120 -88 240 1 0 0 0 1 0 0 0 1 3001.dat
1 72 -120 -112 240 1 0 0 0 1 0 0 0 1 3001.dat
1 72 -120 -136 240 1 0 0 0 1 0 0 0 1 3001.dat
1 72 -120 -160 240 1 0 0 0 1 0 0 0 1 3001.dat
1 72 -120 -184 240 1 0 0 0 1 0 0 0 1 3001.dat
1 72 -120 -16 280 1 0 0 0 1 0 0 0 1 3001.dat
1 72 -120 -40 280 1 0 0 0 1 0 0 0 1 3001.dat
1 72 -120 -64 280 1 0 0 0 1 0 0 0 1 3001.dat
1 72 -120 -88 280 1 0 0 0 1 0 0 0 1 3001.dat
1 72 -120 -112 280 1 0 0 0 1 0 0 0 1 3001.dat
1 72 -120 -136 280 1 0 0 0 1 0 0 0 1 3001.dat
1 72 -120 -160 280 1 0 0 0 1 0 0 0 1 3001.dat
1 72 -120 -184 280 1 0 0 0 1 0 0 0 1 3001.dat
1 72 120 -16 240 1 0 0 0 1 0 0 0 1 3001.dat
1 72 120 -40 240 1 0 0 0 1 0 0 0 1 3001.dat
1 72 120 -64 240 1 0 0 0 1 0 0 0 1 3001.dat
1 72 120 -88 240 1 0 0 0 1 0 0 0 1 3001.dat
1 72 120 -112 240 1 0 0 0 1 0 0 0 1 3001.dat
1 72 120 -136 240 1 0 0 0 1 0 0 0 1 3001.dat
1 72 120 -160 240 1 0 0 0 1 0 0 0 1 3001.dat
1 72 120 -184 240 1 0 0 0 1 0 0 0 1 3001.dat
1 72 120 -16 280 1 0 0 0 1 0 0 0 1 3001.dat
1 72 120 -40 280 1 0 0 0 1 0 0 0 1 3001.dat
1 72 120 -64 280 1 0 0 0 1 0 0 0 1 3001.dat
1 72 120 -88 280 1 0 0 0 1 0 0 0 1 3001.dat
1 72 120 -112 280 1 0 0 0 1 0 0 0 1 3001.dat
1 72 120 -136 280 1 0 0 0 1 0 0 0 1 3001.dat
1 72 120 -160 280 1 0 0 0 1 0 0 0 1 3001.dat
1 72 120 -184 280 1 0 0 0 1 0 0 0 1 3001.dat
1 71 -80 -208 240 1 0 0 0 1 0 0 0 1 3001.dat
1 71 0 -208 240 1 0 0 0 1 0 0 0 1 3001.dat
1 71 80 -208 240 1 0 0 0 1 0 0 0 1 3001.dat
1 3 -240 0 -40 1 0 0 0 1 0 0 0 1 3031.dat
1 3 -160 0 -160 1 0 0 0 1 0 0 0 1 3031.dat
1 3 240 0 -40 1 0 0 0 1 0 0 0 1 3031.dat
1 3 320 0 -160 1 0 0 0 1 0 0 0 1 3031.dat
1 70 180 -16 200 1 0 0 0 1 0 0 0 1 3005.dat
1 70 180 -40 200 1 0 0 0 1 0 0 0 1 3005.dat
1 70 180 -64 200 1 0 0 0 1 0 0 0 1 3005.dat
1 70 180 -88 200 1 0 0 0 1 0 0 0 1 3005.dat
1 70 180 -112 200 1 0 0 0 1 0 0 0 1 3005.dat
1 70 260 -16 200 1 0 0 0 1 0 0 0 1 3005.dat
1 70 260 -40 200 1 0 0 0 1 0 0 0 1 3005.dat
1 70 260 -64 200 1 0 0 0 1 0 0 0 1 3005.dat
1 70 260 -88 200 1 0 0 0 1 0 0 0 1 3005.dat
1 70 260 -112 200 1 0 0 0 1 0 0 0 1 3005.dat
1 70 190 -136 200 1 0 0 0 1 0 0 0 1 3010.dat
1 70 230 -136 200 1 0 0 0 1 0 0 0 1 3010.dat
1 70 270 -136 200 1 0 0 0 1 0 0 0 1 3010.dat
1 70 -220 -16 40 1 0 0 0 1 0 0 0 1 3941.dat
1 70 -220 -40 40 1 0 0 0 1 0 0 0 1 3941.dat
1 70 -180 -16 40 1 0 0 0 1 0 0 0 1 3941.dat
1 70 -180 -40 40 1 0 0 0 1 0 0 0 1 3941.dat
1 70 -140 -16 40 1 0 0 0 1 0 0 0 1 3941.dat
1 70 -140 -40 40 1 0 0 0 1 0 0 0 1 3941.dat

0 FILE 3031.dat
0 Plate  4 x  4
0 Name: 3031.dat
0 Author: James Jessiman
0 !LDRAW_ORG Part UPDATE 2002-03
0 !LICENSE Licensed under CC BY 4.0 : see CAreadme.txt

0 BFC CERTIFY CCW

0 !HISTORY 2001-10-26 [PTadmin] Official Update 2001-01
0 !HISTORY 2002-05-07 {unknown} BFC Certification
0 !HISTORY 2002-06-11 [PTadmin] Official Update 2002-03
0 !HISTORY 2007-06-07 [PTadmin] Header formatted for Contributor Agreement
0 !HISTORY 2008-07-01 [PTadmin] Official Update 2008-01


1 16 20 4 20 1 0 0 0 -1 0 0 0 1 stud4.dat
1 16 0 4 20 1 0 0 0 -1 0 0 0 1 stud4.dat
1 16 -20 4 20 1 0 0 0 -1 0 0 0 1 stud4.dat
1 16 20 4 0 1 0 0 0 -1 0 0 0 1 stud4.dat
1 16 0 4 0 1 0 0 0 -1 0 0 0 1 stud4.dat
1 16 -20 4 0 1 0 0 0 -1 0 0 0 1 stud4.dat
1 16 20 4 -20 1 0 0 0 -1 0 0 0 1 stud4.dat
1 16 0 4 -20 1 0 0 0 -1 0 0 0 1 stud4.dat
1 16 -20 4 -20 1 0 0 0 -1 0 0 0 1 stud4.dat

0 BFC INVERTNEXT
1 16 0 8 0 36 0 0 0 -4 0 0 0 36 box5.dat

4 16 40 8 40 36 8 36 -36 8 36 -40 8 40
0 // Next Line was 4 16 40 8 -40 36 8 -36 -36 8 -36 -40 8 -40
4 16 -40 8 -40 -36 8 -36 36 8 -36 40 8 -40
0 // Next Line was 4 16 40 8 40 36 8 36 36 8 -36 40 8 -40
4 16 40 8 -40 36 8 -36 36 8 36 40 8 40
4 16 -40 8 40 -36 8 36 -36 8 -36 -40 8 -40

1 16 0 8 0 40 0 0 0 -8 0 0 0 40 box5.dat

1 16 30 0 30 1 0 0 0 1 0 0 0 1 stud.dat
1 16 10 0 30 1 0 0 0 1 0 0 0 1 stud.dat
1 16 -10 0 30 1 0 0 0 1 0 0 0 1 stud.dat
1 16 -30 0 30 1 0 0 0 1 0 0 0 1 stud.dat
1 16 30 0 10 1 0 0 0 1 0 0 0 1 stud.dat
1 16 10 0 10 1 0 0 0 1 0 0 0 1 stud.dat
1 16 -10 0 10 1 0 0 0 1 0 0 0 1 stud.dat
1 16 -30 0 10 1 0 0 0 1 0 0 0 1 stud.dat
1 16 30 0 -10 1 0 0 0 1 0 0 0 1 stud.dat
1 16 10 0 -10 1 0 0 0 1 0 0 0 1 stud.dat
1 16 -10 0 -10 1 0 0 0 1 0 0 0 1 stud.dat
1 16 -30 0 -10 1 0 0 0 1 0 0 0 1 stud.dat
1 16 30 0 -30 1 0 0 0 1 0 0 0 1 stud.dat
1 16 10 0 -30 1 0 0 0 1 0 0 0 1 stud.dat
1 16 -10 0 -30 1 0 0 0 1 0 0 0 1 stud.dat
1 16 -30 0 -30 1 0 0 0 1 0 0 0 1 stud.dat
0

0 FILE 3001.dat
0 Brick  2 x  4
0 Name: 3001.dat
0 Author: James Jessiman
0 !LDRAW_ORG Part UPDATE 2004-03
0 !LICENSE Licensed under CC BY 4.0 : see CAreadme.txt

0 BFC CERTIFY CCW

0 !HISTORY 2002-05-07 {unknown} BFC Certification
0 !HISTORY 2002-06-11 [PTadmin] Official Update 2002-03
0 !HISTORY 2004-02-08 [Steffen] used s\3001s01.dat
0 !HISTORY 2004-09-15 [PTadmin] Official Update 2004-03
0 !HISTORY 2007-05-07 [PTadmin] Header formatted for Contributor Agreement
0 !HISTORY 2008-07-01 [PTadmin] Official Update 2008-01


1 16 0 0 0 1 0 0 0 1 0 0 0 1 s/3001s01.dat
4 16 -40 0 -20 -40 24 -20 40 24 -20 40 0 -20
4 16 40 0 20 40 24 20 -40 24 20 -40 0 20
0

0 FILE 3941.dat
0 Brick  2 x  2 Round without Reinforcement
0 Name: 3941.dat
0 Author: James Jessiman
0 !LDRAW_ORG Part UPDATE 2020-01
0 !LICENSE Licensed under CC BY 4.0 : see CAreadme.txt

0 BFC CERTIFY CCW

0 !HISTORY 2003-08-21 [OrionP] Changed stud to stud10, BFC'd
0 !HISTORY 2004-04-22 [PTadmin] Official Update 2004-02
0 !HISTORY 2007-06-30 [PTadmin] Header formatted for Contributor Agreement
0 !HISTORY 2008-07-01 [PTadmin] Official Update 2008-01
0 !HISTORY 2018-02-20 [MagFors] Used subfile
0 !HISTORY 2019-06-28 [PTadmin] Official Update 2019-01
0 !HISTORY 2020-06-28 [PTadmin] Official Update 2020-01


1 16 0 0 0 1 0 0 0 1 0 0 0 1 s/3941s01.dat
1 16 0 0 0 20 0 0 0 20 0 0 0 20 4-4cyli.dat

0 FILE 2423.dat
0 Plant Leaves  4 x  3
0 Name: 2423.dat
0 Author: James Jessiman
0 !LDRAW_ORG Part UPDATE 2020-03
0 !LICENSE Licensed under CC BY 4.0 : see CAreadme.txt

0 BFC CERTIFY CCW

0 !HISTORY 1999-05-17 [PTadmin] Official Update 1999-03
0 !HISTORY 1999-05-24 [PTadmin] Official Update 1999-04
0 !HISTORY 2003-01-20 [sbliss] Completed header, BFC'ed
0 !HISTORY 2003-08-01 [PTadmin] Official Update 2003-02
0 !HISTORY 2007-05-08 [PTadmin] Header formatted for Contributor Agreement
0 !HISTORY 2008-07-01 [PTadmin] Official Update 2008-01
0 !HISTORY 2020-06-04 [Sirio] Updated the use of primitives: removed ringr.dat or ringrr.dat, closed gaps and upgrade intersections
0 !HISTORY 2020-12-29 [PTadmin] Official Update 2020-03


0 // Primitives

1 16 0 0 0 1 0 0 0 1 0 0 0 1 stud2a.dat
1 16 0 3 0 1 0 0 0 -1.25 0 0 0 1 stud4.dat
1 16 -20 0 -20 1 0 0 0 1 0 0 0 1 stud2a.dat
1 16 20 0 -20 1 0 0 0 1 0 0 0 1 stud2a.dat
1 16 -20 0 -40 1 0 0 0 1 0 0 0 1 stud2a.dat
1 16 20 0 -40 1 0 0 0 1 0 0 0 1 stud2a.dat
1 16 0 0 -60 1 0 0 0 1 0 0 0 1 stud2a.dat
0 BFC INVERTNEXT
1 16 0 0 0 4 0 0 0 3 0 0 0 4 4-4cyli.dat
0 BFC INVERTNEXT
1 16 20 0 -20 4 0 0 0 3 0 0 0 4 4-4cyli.dat
0 BFC INVERTNEXT
1 16 -20 0 -20 4 0 0 0 3 0 0 0 4 4-4cyli.dat
0 BFC INVERTNEXT
1 16 20 0 -40 4 0 0 0 3 0 0 0 4 4-4cyli.dat
0 BFC INVERTNEXT
1 16 -20 0 -40 4 0 0 0 3 0 0 0 4 4-4cyli.dat
0 BFC INVERTNEXT
1 16 0 0 -60 4 0 0 0 3 0 0 0 4 4-4cyli.dat
0 BFC INVERTNEXT
1 16 0 3 -60 6 0 0 0 5 0 0 0 6 4-4cylo.dat
1 16 0 0 0 10 0 0 0 3 0 0 0 10 2-4cylo.dat
1 16 -20 0 -20 6 0 0 0 3 0 0 0 -6 3-4cyli.dat
1 16 -20 0 -40 6 0 0 0 3 0 0 0 -6 3-4cyli.dat
1 16 20 0 -40 -6 0 0 0 3 0 0 0 -6 3-4cyli.dat
1 16 20 0 -20 -6 0 0 0 3 0 0 0 -6 3-4cyli.dat
1 16 0 0 -60 8 0 0 0 8 0 0 0 -8 2-4cylo.dat
1 16 0 0 -60 -2 0 0 0 1 0 0 0 -2 2-4ring3.dat
1 16 0 8 -60 -2 0 0 0 -1 0 0 0 -2 2-4ring3.dat
1 16 0 0 -60 8 0 0 0 8 0 0 0 8 1-8cylo.dat
1 16 0 0 -60 2 0 0 0 1 0 0 0 2 1-8ring3.dat
1 16 0 8 -60 2 0 0 0 -1 0 0 0 2 1-8ring3.dat
1 16 0 0 -60 0 0 -6 0 1 0 6 0 0 1-8tang.dat
1 16 0 0 -60 0 0 6 0 1 0 6 0 0 1-8tang.dat
1 16 0 3 -60 3.06157 0 -7.39104 0 5 0 7.39104 0 3.06157 1-8cylo.dat
1 16 0 8 -60 4.24264 0 -4.24264 0 -1 0 4.24264 0 4.24264 1-4tang.dat
1 16 0 8 -60 3.06157 0 -7.39104 0 -1 0 7.39104 0 3.06157 1-8chrd.dat
1 16 0 0 -60 -8 0 0 0 8 0 0 0 8 1-8cylo.dat
1 16 0 0 -60 -2 0 0 0 1 0 0 0 2 1-8ring3.dat
1 16 0 8 -60 -2 0 0 0 -1 0 0 0 2 1-8ring3.dat
1 16 0 3 0 -2 0 0 0 -1 0 0 0 2 4-4ring2.dat
1 16 0 3 0 -2 0 0 0 -1 0 0 0 2 2-4ring4.dat
1 16 0 3 0 -8 0 0 0 -1 0 0 0 -8 2-4ndis.dat
1 16 -20 3 -20 2 0 0 0 -1 0 0 0 -2 3-4ring2.dat
1 16 20 3 -20 0 0 2 0 -1 0 2 0 0 3-4ring2.dat
1 16 -20 3 -40 2 0 0 0 -1 0 0 0 -2 3-4ring2.dat
1 16 20 3 -40 0 0 2 0 -1 0 2 0 0 3-4ring2.dat
1 16 -20 3 -20 4 0 0 0 -1 0 0 0 4 1-4ndis.dat
1 16 20 3 -20 -4 0 0 0 -1 0 0 0 4 1-4ndis.dat
1 16 -20 3 -40 4 0 0 0 -1 0 0 0 4 1-4ndis.dat
1 16 20 3 -40 -4 0 0 0 -1 0 0 0 4 1-4ndis.dat
1 16 0 3 -60 -2 0 0 0 -1 0 0 0 2 4-4ring2.dat
1 16 0 0 0 2 0 0 0 1 0 0 0 2 2-4ring3.dat
1 16 0 0 0 6 0 0 0 1 0 0 0 -6 2-4ndis.dat
1 16 0 0 0 2 0 0 0 1 0 0 0 2 2-4ring4.dat
1 16 0 3 0 4 0 0 0 1 0 0 0 4 4-4edge.dat
1 16 20 3 -20 4 0 0 0 1 0 0 0 4 4-4edge.dat
1 16 -20 3 -20 4 0 0 0 1 0 0 0 4 4-4edge.dat
1 16 20 3 -40 4 0 0 0 1 0 0 0 4 4-4edge.dat
1 16 -20 3 -40 4 0 0 0 1 0 0 0 4 4-4edge.dat
1 16 0 3 -60 4 0 0 0 1 0 0 0 4 4-4edge.dat
1 16 0 3 -60 6 0 0 0 1 0 0 0 6 4-4edge.dat
1 16 0 0 -60 -8 0 0 0 1 0 0 0 8 1-8edge.dat
1 16 0 0 -60 8 0 0 0 1 0 0 0 8 1-8edge.dat
1 16 0 0 0 6 0 0 0 1 0 0 0 6 4-4edge.dat
1 16 0 0 -60 6 0 0 0 1 0 0 0 6 4-4edge.dat
1 16 -20 3 -20 6 0 0 0 1 0 0 0 -6 3-4edge.dat
1 16 20 3 -20 -6 0 0 0 1 0 0 0 -6 3-4edge.dat
1 16 -20 3 -40 6 0 0 0 1 0 0 0 -6 3-4edge.dat
1 16 20 3 -40 -6 0 0 0 1 0 0 0 -6 3-4edge.dat
1 16 0 1.5 -18.4 4 0 0 0 0 -1.5 0 8.8 0 box4o8a.dat
1 16 -14.4683 1.5 -8.8683 -5.19808 1 0 0 0 -1.5 -5.19808 0 0 rect.dat
1 16 14.4683 1.5 -8.8683 0 -1 5.19808 -1.5 0 0 0 0 -5.19808 rect.dat
1 16 -9.1102 1.5 -14.2457 0 -1 5.11023 1.5 0 0 0 0 4.64567 rect.dat
1 16 9.1102 1.5 -14.2457 0 1 -5.11023 -1.5 0 0 0 0 4.64567 rect.dat
1 16 -11.8332 1.5 -26.2332 0 1 7.83318 -1.5 0 0 0 0 7.83318 rect.dat
1 16 11.8332 1.5 -26.2332 0 -1 -7.83318 1.5 0 0 0 0 7.83318 rect.dat
1 16 -9.0332 1.5 -34.6332 -5.03318 -1 0 0 0 1.5 -5.03318 0 0 rect.dat
1 16 9.0332 1.5 -34.6332 0 1 -5.03318 -1.5 0 0 0 0 5.03318 rect.dat
1 16 -4 1.5 -41.418 0 1 0 -1.5 0 0 0 0 11.81797 rect.dat
1 16 4 1.5 -41.418 0 -1 0 -1.5 0 0 0 0 -11.81797 rect.dat
1 16 -9.6351 1.5 -1.8351 -0.36491 1 0 0 0 1.5 1.83509 0 0 rect2p.dat
1 16 9.6351 1.5 -1.8351 0.36491 -1 0 0 0 -1.5 1.83509 0 0 rect2p.dat
1 16 -19.8332 1.5 -14.0332 0 -1 -0.16683 1.5 0 0 0 0 0.03318 rect1.dat
1 16 19.8332 1.5 -14.0332 0 1 -0.16683 1.5 0 0 0 0 -0.03318 rect1.dat
1 16 -14.1102 1.5 -19.4457 0 -1 -0.11023 1.5 0 0 0 0 0.55434 rect1.dat
1 16 14.1102 1.5 -19.4457 0 1 -0.11023 1.5 0 0 0 0 -0.55434 rect1.dat
1 16 -19.8332 1.5 -34.0332 0 -1 -0.16683 1.5 0 0 0 0 0.03318 rect1.dat
1 16 19.8332 1.5 -34.0332 0 1 -0.16683 1.5 0 0 0 0 -0.03318 rect1.dat
1 16 -14.0332 1.5 -39.8332 0 -1 -0.03318 1.5 0 0 0 0 0.16683 rect1.dat
1 16 14.0332 1.5 -39.8332 0 1 -0.03318 1.5 0 0 0 0 -0.16683 rect1.dat
0 // Faces
4 16 -4 3 -18.4 -4 3 -29.6 -14.0664 3 -39.6664 -16 3 -36
3 16 -4 3 -18.4 -16 3 -36 -19.6664 3 -34.0664
4 16 4 3 -18.4 16 3 -36 14.0664 3 -39.6664 4 3 -29.6
3 16 4 3 -18.4 19.6664 3 -34.0664 16 3 -36
4 16 -4 0 -29.6 -4 0 -18.4 -19.6664 0 -34.0664 -14.0664 0 -39.6664
4 16 19.6664 0 -34.0664 4 0 -18.4 4 0 -29.6 14.0664 0 -39.6664
3 16 8 0 0 6 0 0 6 0 -6
4 16 8 0 0 6 0 -6 9.2702 0 -3.6702 10 0 0
3 16 4 0 -9.6 9.2702 0 -3.6702 6 0 -6
4 16 -4 0 -9.6 4 0 -9.6 6 0 -6 0 0 -6
3 16 -4 0 -9.6 0 0 -6 -6 0 -6
3 16 -4 0 -9.6 -6 0 -6 -9.2702 0 -3.6702
4 16 -8 0 0 -10 0 0 -9.2702 0 -3.6702 -6 0 -6
3 16 -6 0 -6 -6 0 0 -8 0 0
4 16 -8 3 0 -8 3 -8 -9.2702 3 -3.6702 -10 3 0
4 16 -8 3 -8 0 3 -8 4 3 -9.6 -4 3 -9.6
3 16 4 3 -9.6 0 3 -8 8 3 -8
4 16 9.2702 3 -3.6702 8 3 -8 8 3 0 10 3 0
4 16 4 0 -18.4 -4 0 -18.4 -4 0 -29.6 4 0 -29.6
4 16 -4 3 -18.4 4 3 -18.4 4 3 -29.6 -4 3 -29.6
3 16 4 3 -29.6 4 3 -53.2359 3.0615 3 -52.609
4 16 -3.0615 3 -52.609 -4 3 -29.6 4 3 -29.6 3.0615 3 -52.609
3 16 -4 3 -29.6 -3.0615 3 -52.609 -4 3 -53.2359
4 16 -9.2702 0 -3.6702 -19.6664 0 -14.0664 -14.2205 0 -18.8913 -4 0 -9.6
4 16 4 0 -9.6 14.2205 0 -18.8913 19.6664 0 -14.0664 9.2702 0 -3.6702
4 16 4 3 -9.6 8 3 -8 16 3 -16 14.2205 3 -18.8914
4 16 9.2702 3 -3.6702 19.6664 3 -14.0664 16 3 -16 8 3 -8
4 16 20 3 -14 20 3 -16 16 3 -16 19.6664 3 -14.0664
4 16 14.2205 3 -18.8913 16 3 -16 16 3 -20 14 3 -20
4 16 20 3 -34 20 3 -36 16 3 -36 19.6664 3 -34.0664
4 16 14.0664 3 -39.6664 16 3 -36 16 3 -40 14 3 -40
4 16 -9.2702 3 -3.6702 -8 3 -8 -16 3 -16 -19.6664 3 -14.0664
4 16 -4 3 -9.6 -14.2205 3 -18.8913 -16 3 -16 -8 3 -8
4 16 -20 3 -14 -19.6664 3 -14.0664 -16 3 -16 -20 3 -16
4 16 -14.2205 3 -18.8913 -14 3 -20 -16 3 -20 -16 3 -16
4 16 -19.6664 3 -34.0664 -16 3 -36 -20 3 -36 -20 3 -34
4 16 -16 3 -36 -14.0664 3 -39.6664 -14 3 -40 -16 3 -40
4 16 5.6568 8 -54.3432 4.2426 8 -55.7574 3.3988 8 -54.9135 3.0615 8 -52.609
3 16 3.0615 8 -52.609 3.3988 8 -54.9135 2.2961 8 -54.4566
3 16 3.0615 8 -52.609 2.2961 8 -54.4566 1.1935 8 -54
3 16 3.0615 8 -52.609 1.1935 8 -54 0 8 -54
4 16 -3.3988 8 -54.9135 -4.2426 8 -55.7574 -5.6568 8 -54.3432 -3.0615 8 -52.609
3 16 -3.0615 8 -52.609 -2.2962 8 -54.4566 -3.3988 8 -54.9135
3 16 -2.2962 8 -54.4566 -3.0615 8 -52.609 -1.1935 8 -54
3 16 -3.0615 8 -52.609 0 8 -54 -1.1935 8 -54
4 16 -3.0615 8 -52.609 -5.6568 8 -54.3432 -4 3 -53.2359 -3.0615 3 -52.609
4 16 -5.6568 0 -54.3432 -4 0 -53.2359 -4 3 -53.2359 -5.6568 8 -54.3432
4 16 3.0615 8 -52.609 3.0615 3 -52.609 4 3 -53.2359 5.6568 8 -54.3432
4 16 5.6568 8 -54.3432 4 3 -53.2359 4 0 -53.2359 5.6568 0 -54.3432
3 16 4 0 -53.2359 2.2962 0 -54.4566 3.399 0 -54.9132
3 16 -4 0 -53.2359 -3.3988 0 -54.9135 -2.2962 0 -54.4566
4 16 4 0 -53.2359 3.399 0 -54.9132 4.2426 0 -55.7574 5.6568 0 -54.3432
4 16 -5.6568 0 -54.3432 -4.2426 0 -55.7574 -3.3988 0 -54.9135 -4 0 -53.2359
4 16 4 0 -29.6 1.1935 0 -54 2.2962 0 -54.4566 4 0 -53.2359
4 16 -4 0 -29.6 -4 0 -53.2359 -2.2962 0 -54.4566 -1.1935 0 -54
3 16 -4 0 -29.6 -1.1935 0 -54 0 0 -54
3 16 -4 0 -29.6 0 0 -54 4 0 -29.6
3 16 4 0 -29.6 0 0 -54 1.1935 0 -54
3 16 0 8 -54 -3.0615 8 -52.609 3.0615 8 -52.609
0 // Edges
2 24 -19.6664 0 -14.0664 -17.7038 0 -14.4566
2 24 -17.7038 0 -14.4566 -15.7574 0 -15.7574
2 24 -15.7574 0 -15.7574 -14.4566 0 -17.7038
2 24 -14.4566 0 -17.7038 -14.2205 0 -18.8913
2 24 -19.6664 0 -34.0664 -17.7038 0 -34.4566
2 24 -17.7038 0 -34.4566 -15.7574 0 -35.7574
2 24 -15.7574 0 -35.7574 -14.4566 0 -37.7038
2 24 -14.4566 0 -37.7038 -14.0664 0 -39.6664
2 24 14.0664 0 -39.6664 14.4566 0 -37.7038
2 24 14.4566 0 -37.7038 15.7574 0 -35.7574
2 24 15.7574 0 -35.7574 17.7038 0 -34.4566
2 24 17.7038 0 -34.4566 19.6664 0 -34.0664
2 24 14.2205 0 -18.8913 14.4566 0 -17.7038
2 24 14.4566 0 -17.7038 15.7574 0 -15.7574
2 24 15.7574 0 -15.7574 17.7038 0 -14.4566
2 24 17.7038 0 -14.4566 19.6664 0 -14.0664
2 24 4 3 -53.2359 3.0615 3 -52.609
2 24 5.6568 0 -54.3432 4 0 -53.2359
2 24 -3.0615 3 -52.609 -4 3 -53.2359
2 24 -4 0 -53.2359 -5.6568 0 -54.3432
2 24 -5.6568 8 -54.3432 -3.0615 8 -52.609
2 24 3.0615 8 -52.609 5.6568 8 -54.3432
0 // Conditional lines
5 24 -14 3 -20 -14 0 -20 -14.2205 3 -18.8913 -14.4566 3 -22.2962
5 24 14 3 -20 14 0 -20 14.2205 3 -18.8913 14.4566 3 -22.2962
5 24 -14 3 -40 -14 0 -40 -14.0664 3 -39.6664 -14.4566 3 -42.2962
5 24 14 3 -40 14 0 -40 14.0664 3 -39.6664 14.4566 3 -42.2962
5 24 -20 3 -14 -20 0 -14 -22.2962 3 -14.4566 -19.6664 3 -14.0664
5 24 20 3 -14 20 0 -14 19.6664 3 -14.0664 22.2962 3 -14.4566
5 24 -20 3 -34 -20 0 -34 -22.2962 3 -34.4566 -19.6664 3 -34.0664
5 24 20 3 -34 20 0 -34 19.6664 3 -34.0664 22.2962 3 -34.4566
5 24 -10 3 0 -10 0 0 -9.2702 3 -3.6702 -9.239 3 3.827
5 24 10 3 0 10 0 0 9.239 3 3.827 9.2702 3 -3.6702
5 24 -5.6568 8 -54.3432 -5.6568 0 -54.3432 -7.3912 8 -56.9384 -3.0615 8 -52.609
5 24 -3.0615 8 -52.609 -3.0615 3 -52.609 -5.6568 8 -54.3432 0 8 -52
5 24 3.0615 8 -52.609 3.0615 3 -52.609 0 8 -52 5.6568 8 -54.3432
5 24 5.6568 8 -54.3432 5.6568 0 -54.3432 3.0615 8 -52.609 7.391 8 -56.9386

0 FILE 3005.dat
0 Brick  1 x  1
0 Name: 3005.dat
0 Author: James Jessiman
0 !LDRAW_ORG Part UPDATE 2022-05
0 !LICENSE Licensed under CC BY 4.0 : see CAreadme.txt

0 BFC CERTIFY CCW

0 !HISTORY 2001-10-26 [PTadmin] Official Update 2001-01
0 !HISTORY 2002-05-07 {unknown} BFC Certification
0 !HISTORY 2002-06-11 [PTadmin] Official Update 2002-03
0 !HISTORY 2007-05-07 [PTadmin] Header formatted for Contributor Agreement
0 !HISTORY 2008-07-01 [PTadmin] Official Update 2008-01
0 !HISTORY 2022-08-04 [MagFors] Using subfile
0 !HISTORY 2022-09-15 [PTadmin] Official Update 2022-05


1 16 0 0 0 1 0 0 0 1 0 0 0 1 s/3005s01.dat
4 16 -10 24 -10 10 24 -10 10 0 -10 -10 0 -10

0 FILE 3010.dat
0 Brick  1 x  4
0 Name: 3010.dat
0 Author: James Jessiman
0 !LDRAW_ORG Part UPDATE 2025-09
0 !LICENSE Licensed under CC BY 4.0 : see CAreadme.txt

0 BFC CERTIFY CCW

0 !HISTORY 2001-10-26 [PTadmin] Official Update 2001-01
0 !HISTORY 2002-05-07 {unknown} BFC Certification
0 !HISTORY 2002-06-11 [PTadmin] Official Update 2002-03
0 !HISTORY 2002-12-12 [hafhead] New subparted version
0 !HISTORY 2003-08-01 [PTadmin] Official Update 2003-02
0 !HISTORY 2007-06-06 [PTadmin] Header formatted for Contributor Agreement
0 !HISTORY 2008-07-01 [PTadmin] Official Update 2008-01
0 !HISTORY 2025-09-27 [OrionP] Changed winding to CCW
0 !HISTORY 2025-09-29 [OrionP] Official Update 2025-09

1 16 0 0 0 1 0 0 0 1 0 0 0 1 s/3010s01.dat
4 16 -40 24 -10 40 24 -10 40 0 -10 -40 0 -10
0

0 FILE stud4.dat
0 Stud Tube Open
0 Name: stud4.dat
0 Author: James Jessiman
0 !LDRAW_ORG Primitive UPDATE 2009-02
0 !LICENSE Licensed under CC BY 4.0 : see CAreadme.txt

0 BFC CERTIFY CCW

0 !HISTORY 1999-07-05 [PTadmin] Official Update 1999-05
0 !HISTORY 2002-04-04 [sbliss] Modified for BFC compliance
0 !HISTORY 2002-04-25 [PTadmin] Official Update 2002-02
0 !HISTORY 2007-06-24 [PTadmin] Header formatted for Contributor Agreement
0 !HISTORY 2008-07-01 [PTadmin] Official Update 2008-01
0 !HISTORY 2009-06-21 [cwdee] Update ring references to 4-4ring
0 !HISTORY 2009-09-03 [PTadmin] Official Update 2009-02


1 16 0 -4 0 6 0 0 0 1 0 0 0 6 4-4edge.dat
1 16 0 -4 0 8 0 0 0 1 0 0 0 8 4-4edge.dat
1 16 0 0 0 6 0 0 0 1 0 0 0 6 4-4edge.dat
1 16 0 0 0 8 0 0 0 1 0 0 0 8 4-4edge.dat
0 BFC INVERTNEXT
1 16 0 -4 0 6 0 0 0 4 0 0 0 6 4-4cyli.dat
1 16 0 -4 0 8 0 0 0 4 0 0 0 8 4-4cyli.dat
1 16 0 -4 0 2 0 0 0 1 0 0 0 2 4-4ring3.dat
0

0 FILE box5.dat
0 Box with 5 Faces and All Edges
0 Name: box5.dat
0 Author: James Jessiman
0 !LDRAW_ORG Primitive UPDATE 2012-01
0 !LICENSE Licensed under CC BY 4.0 : see CAreadme.txt

0 BFC CERTIFY CCW

0 !HISTORY 2002-04-03 [sbliss] Modified for BFC compliance
0 !HISTORY 2002-04-25 [PTadmin] Official Update 2002-02
0 !HISTORY 2007-06-24 [PTadmin] Header formatted for Contributor Agreement
0 !HISTORY 2008-07-01 [PTadmin] Official Update 2008-01
0 !HISTORY 2012-02-16 [Philo] Changed to CCW
0 !HISTORY 2012-03-30 [PTadmin] Official Update 2012-01


2 24 1 1 1 -1 1 1
2 24 -1 1 1 -1 1 -1
2 24 -1 1 -1 1 1 -1
2 24 1 1 -1 1 1 1
2 24 1 0 1 -1 0 1
2 24 -1 0 1 -1 0 -1
2 24 -1 0 -1 1 0 -1
2 24 1 0 -1 1 0 1
2 24 1 0 1 1 1 1
2 24 -1 0 1 -1 1 1
2 24 1 0 -1 1 1 -1
2 24 -1 0 -1 -1 1 -1
4 16 -1 1 1 1 1 1 1 1 -1 -1 1 -1
4 16 -1 1 1 -1 0 1 1 0 1 1 1 1
4 16 -1 1 -1 -1 0 -1 -1 0 1 -1 1 1
4 16 1 1 -1 1 0 -1 -1 0 -1 -1 1 -1
4 16 1 1 1 1 0 1 1 0 -1 1 1 -1

0 FILE stud.dat
0 Stud
0 Name: stud.dat
0 Author: James Jessiman
0 !LDRAW_ORG Primitive UPDATE 2012-01
0 !LICENSE Licensed under CC BY 4.0 : see CAreadme.txt

0 BFC CERTIFY CCW

0 !HISTORY 2002-04-04 [sbliss] Modified for BFC compliance
0 !HISTORY 2002-04-25 [PTadmin] Official Update 2002-02
0 !HISTORY 2007-06-24 [PTadmin] Header formatted for Contributor Agreement
0 !HISTORY 2008-07-01 [PTadmin] Official Update 2008-01
0 !HISTORY 2012-02-16 [Philo] Changed to CCW
0 !HISTORY 2012-03-30 [PTadmin] Official Update 2012-01


1 16 0 0 0 6 0 0 0 1 0 0 0 6 4-4edge.dat
1 16 0 -4 0 6 0 0 0 1 0 0 0 6 4-4edge.dat
1 16 0 0 0 6 0 0 0 -4 0 0 0 6 4-4cyli.dat
1 16 0 -4 0 6 0 0 0 1 0 0 0 6 4-4disc.dat

0 FILE parts/s/3001s01.dat
0 ~Brick  2 x  4 without Front and Back Faces
0 Name: s\3001s01.dat
0 Author: James Jessiman
0 !LDRAW_ORG Subpart UPDATE 2004-03
0 !LICENSE Licensed under CC BY 4.0 : see CAreadme.txt

0 BFC CERTIFY CCW

0 !HISTORY 2002-05-07 {unknown} BFC certification
0 !HISTORY 2002-05-07 [westrate] Unknown change
0 !HISTORY 2004-09-15 [PTadmin] Official Update 2004-03
0 !HISTORY 2007-08-29 [PTadmin] Header formatted for Contributor Agreement
0 !HISTORY 2008-07-01 [PTadmin] Official Update 2008-01


0 // Uncomment for front and back faces:
0 // 4 16 40 0 -20 -40 0 -20 -40 24 -20 40 24 -20
0 // 4 16 40 0 20 -40 0 20 -40 24 20 40 24

1 16 20 4 0 1 0 0 0 -5 0 0 0 1 stud4.dat
1 16 0 4 0 1 0 0 0 -5 0 0 0 1 stud4.dat
1 16 -20 4 0 1 0 0 0 -5 0 0 0 1 stud4.dat
0 BFC INVERTNEXT
1 16 0 24 0 36 0 0 0 -20 0 0 0 16 box5.dat
4 16 40 24 20 36 24 16 -36 24 16 -40 24 20
4 16 -40 24 20 -36 24 16 -36 24 -16 -40 24 -20
4 16 -40 24 -20 -36 24 -16 36 24 -16 40 24 -20
4 16 40 24 -20 36 24 -16 36 24 16 40 24 20
1 16 0 24 0 0 0 40 0 -24 0 -20 0 0 box3u2p.dat
2 24 -40 24 -20 40 24 -20
2 24 -40 24 20 40 24 20
1 16 30 0 10 1 0 0 0 1 0 0 0 1 stud.dat
1 16 10 0 10 1 0 0 0 1 0 0 0 1 stud.dat
1 16 -10 0 10 1 0 0 0 1 0 0 0 1 stud.dat
1 16 -30 0 10 1 0 0 0 1 0 0 0 1 stud.dat
1 16 30 0 -10 1 0 0 0 1 0 0 0 1 stud.dat
1 16 10 0 -10 1 0 0 0 1 0 0 0 1 stud.dat
1 16 -10 0 -10 1 0 0 0 1 0 0 0 1 stud.dat
1 16 -30 0 -10 1 0 0 0 1 0 0 0 1 stud.dat
0

0 FILE parts/s/3941s01.dat
0 ~Brick  2 x  2 Round without Reinforcement without Outer Surface
0 Name: s\3941s01.dat
0 Author: Gerald Lasser [GeraldLasser]
0 !LDRAW_ORG Subpart UPDATE 2020-01
0 !LICENSE Licensed under CC BY 4.0 : see CAreadme.txt

0 BFC CERTIFY CCW

0 !HISTORY 2018-01-21 [GeraldLasser] Removed Surface for Printed and Modified Versions
0 !HISTORY 2018-02-19 [MagFors] used more primitives
0 !HISTORY 2018-03-30 [MagFors] used stug10-2x2 primitive
0 !HISTORY 2019-06-28 [PTadmin] Official Update 2019-01
0 !HISTORY 2020-06-28 [PTadmin] Official Update 2020-01


1 16 0 20 0 1 0 0 0 -1 0 0 0 1 stud4a.dat
1 16 0 4 0 8 0 0 0 1 0 0 0 8 4-4edge.dat
1 16 0 4 0 8 0 0 0 16 0 0 0 8 4-4cyli.dat
1 16 0 20 0 1 0 0 0 1 0 0 0 1 axlehol3.dat
1 16 0 0 0 1 0 0 0 20 0 0 0 1 axlehole.dat
1 16 0 0 0 1 0 0 0 1 0 0 0 1 axlehol2.dat
1 16 0 0 0 20 0 0 0 1 0 0 0 20 4-4edge.dat
1 16 0 20 0 18.47759 0 7.65367 0 4 0 -7.65367 0 18.47759 1-8cyli.dat
1 16 0 24 0 18.47759 0 7.65367 0 1 0 -7.65367 0 18.47759 1-8edge.dat
1 16 0 24 0 18.47759 0 7.65367 0 -1 0 -7.65367 0 18.47759 1-8chrd.dat
1 16 0 20 0 -7.65367 0 18.47759 0 4 0 -18.47759 0 -7.65367 1-8cyli.dat
1 16 0 24 0 -7.65367 0 18.47759 0 1 0 -18.47759 0 -7.65367 1-8edge.dat
1 16 0 24 0 -7.65367 0 18.47759 0 -1 0 -18.47759 0 -7.65367 1-8chrd.dat
1 16 0 20 0 -18.47759 0 -7.65367 0 4 0 7.65367 0 -18.47759 1-8cyli.dat
1 16 0 24 0 -18.47759 0 -7.65367 0 1 0 7.65367 0 -18.47759 1-8edge.dat
1 16 0 24 0 -18.47759 0 -7.65367 0 -1 0 7.65367 0 -18.47759 1-8chrd.dat
1 16 0 20 0 7.65367 0 -18.47759 0 4 0 18.47759 0 7.65367 1-8cyli.dat
1 16 0 24 0 7.65367 0 -18.47759 0 1 0 18.47759 0 7.65367 1-8edge.dat
1 16 0 24 0 7.65367 0 -18.47759 0 -1 0 18.47759 0 7.65367 1-8chrd.dat

1 16 16 22 0 0 1 0 -2 0 0 0 0 11.36 rect.dat
1 16 0 22 -16 0 0 11.36 -2 0 0 0 -1 0 rect.dat
1 16 -16 22 0 0 -1 0 -2 0 0 0 0 -11.36 rect.dat
1 16 0 22 16 0 0 -11.36 -2 0 0 0 1 0 rect.dat
4 16 11.36 24 16 -11.36 24 16 -7.65 24 18.48 7.65 24 18.48
4 16 -16 24 11.36 -16 24 -11.36 -18.48 24 -7.65 -18.48 24 7.65
4 16 -11.36 24 -16 11.36 24 -16 7.65 24 -18.48 -7.65 24 -18.48
4 16 16 24 -11.36 16 24 11.36 18.48 24 7.65 18.48 24 -7.65
1 16 17.24 22 9.505 0 -1 -1.24 2 0 0 0 0 1.855 rect1.dat
1 16 9.505 22 17.24 0 0 -1.855 2 0 0 0 -1 1.24 rect1.dat
1 16 -17.24 22 9.505 0 1 -1.24 2 0 0 0 0 -1.855 rect1.dat
1 16 -9.505 22 17.24 0 0 -1.855 2 0 0 0 -1 -1.24 rect1.dat
1 16 17.24 22 -9.505 0 -1 1.24 2 0 0 0 0 1.855 rect1.dat
1 16 9.505 22 -17.24 0 0 1.855 2 0 0 0 1 1.24 rect1.dat
1 16 -17.24 22 -9.505 0 1 1.24 2 0 0 0 0 -1.855 rect1.dat
1 16 -9.505 22 -17.24 0 0 1.855 2 0 0 0 1 -1.24 rect1.dat
2 24 16 20 11.36 14.14 20 14.14
2 24 14.14 20 14.14 11.36 20 16
2 24 -16 20 11.36 -14.14 20 14.14
2 24 -14.14 20 14.14 -11.36 20 16
2 24 16 20 -11.36 14.14 20 -14.14
2 24 14.14 20 -14.14 11.36 20 -16
2 24 -16 20 -11.36 -14.14 20 -14.14
2 24 -14.14 20 -14.14 -11.36 20 -16

1 16 0 4 0 8 0 0 0 -1 0 0 0 8 4-4ring1.dat
0 BFC INVERTNEXT
1 16 0 4 0 16 0 0 0 16 0 0 0 16 4-4cylo.dat
3 16 16 20 0 14.78 20 6.12 16 20 11.36
4 16 14.78 20 6.12 11.31 20 11.31 14.14 20 14.14 16 20 11.36
4 16 6.12 20 14.78 11.36 20 16 14.14 20 14.14 11.31 20 11.31
3 16 0 20 16 11.36 20 16 6.12 20 14.78
3 16 -16 20 0 -16 20 11.36 -14.78 20 6.12
4 16 -14.78 20 6.12 -16 20 11.36 -14.14 20 14.14 -11.31 20 11.31
4 16 -6.12 20 14.78 -11.31 20 11.31 -14.14 20 14.14 -11.36 20 16
3 16 0 20 16 -6.12 20 14.78 -11.36 20 16
3 16 16 20 0 16 20 -11.36 14.78 20 -6.12
4 16 14.78 20 -6.12 16 20 -11.36 14.14 20 -14.14 11.31 20 -11.31
4 16 6.12 20 -14.78 11.31 20 -11.31 14.14 20 -14.14 11.36 20 -16
3 16 0 20 -16 6.12 20 -14.78 11.36 20 -16
3 16 -16 20 0 -14.78 20 -6.12 -16 20 -11.36
4 16 -14.78 20 -6.12 -11.31 20 -11.31 -14.14 20 -14.14 -16 20 -11.36
4 16 -6.12 20 -14.78 -11.36 20 -16 -14.14 20 -14.14 -11.31 20 -11.31
3 16 0 20 -16 -11.36 20 -16 -6.12 20 -14.78
5 24 -7.65 20 18.48 -7.65 24 18.48 -14.14 20 14.14 0 20 20
5 24 -18.48 20 7.65 -18.48 24 7.65 -20 20 0 -14.14 20 14.14
5 24 -18.48 20 -7.65 -18.48 24 -7.65 -14.14 20 -14.14 -20 20 0
5 24 -7.65 20 -18.48 -7.65 24 -18.48 0 20 -20 -14.14 20 -14.14
5 24 7.65 20 -18.48 7.65 24 -18.48 14.14 20 -14.14 0 20 -20
5 24 18.48 20 -7.65 18.48 24 -7.65 20 20 0 14.14 20 -14.14
5 24 18.48 20 7.65 18.48 24 7.65 14.14 20 14.14 20 20 0
5 24 7.65 20 18.48 7.65 24 18.48 0 20 20 14.14 20 14.14

1 16 0 0 0 4.24264 0 -4.24264 0 1 0 4.24264 0 4.24264 4-4ndis.dat
1 16 0 0 0 20 0 0 0 1 0 0 0 20 1-4chrd.dat
1 16 0 0 0 -20 0 0 0 1 0 0 0 20 1-4chrd.dat
1 16 0 0 0 -20 0 0 0 1 0 0 0 -20 1-4chrd.dat
1 16 0 0 0 20 0 0 0 1 0 0 0 -20 1-4chrd.dat
4 16 0 0 -20 0 0 -8.4853 -8.4853 0 0 -20 0 0
4 16 0 0 20 -20 0 0 -8.4853 0 0 0 0 8.4853
4 16 20 0 0 0 0 20 0 0 8.4853 8.4853 0 0
4 16 0 0 -20 20 0 0 8.4853 0 0 0 0 -8.4853

1 16 0 0 0 1 0 0 0 1 0 0 0 1 stug10-2x2.dat

0 FILE 4-4cyli.dat
0 Cylinder 1.0
0 Name: 4-4cyli.dat
0 Author: James Jessiman
0 !LDRAW_ORG Primitive UPDATE 2005-01
0 !LICENSE Licensed under CC BY 4.0 : see CAreadme.txt

0 BFC CERTIFY CCW

0 !HISTORY 1998-12-15 [PTadmin] Official Update 1998-10
0 !HISTORY 2002-03-23 [sbliss] Added BFC statement; merged headers from files in distributions LDraw 0.27 and Complete.
0 !HISTORY 2002-04-25 [PTadmin] Official Update 2002-02
0 !HISTORY 2004-12-14 [guyvivan] BFC CCW
0 !HISTORY 2005-12-28 [PTadmin] Official Update 2005-01
0 !HISTORY 2007-06-24 [PTadmin] Header formatted for Contributor Agreement
0 !HISTORY 2008-07-01 [PTadmin] Official Update 2008-01


4 16 1 1 0 0.9239 1 0.3827 0.9239 0 0.3827 1 0 0
5 24 1 0 0 1 1 0 0.9239 0 0.3827 0.9239 0 -0.3827
4 16 0.9239 1 0.3827 0.7071 1 0.7071 0.7071 0 0.7071 0.9239 0 0.3827
5 24 0.9239 0 0.3827 0.9239 1 0.3827 0.7071 0 0.7071 1 0 0
4 16 0.7071 1 0.7071 0.3827 1 0.9239 0.3827 0 0.9239 0.7071 0 0.7071
5 24 0.7071 0 0.7071 0.7071 1 0.7071 0.3827 0 0.9239 0.9239 0 0.3827
4 16 0.3827 1 0.9239 0 1 1 0 0 1 0.3827 0 0.9239
5 24 0.3827 0 0.9239 0.3827 1 0.9239 0 0 1 0.7071 0 0.7071
4 16 0 1 1 -0.3827 1 0.9239 -0.3827 0 0.9239 0 0 1
5 24 0 0 1 0 1 1 -0.3827 0 0.9239 0.3827 0 0.9239
4 16 -0.3827 1 0.9239 -0.7071 1 0.7071 -0.7071 0 0.7071 -0.3827 0 0.9239
5 24 -0.3827 0 0.9239 -0.3827 1 0.9239 -0.7071 0 0.7071 0 0 1
4 16 -0.7071 1 0.7071 -0.9239 1 0.3827 -0.9239 0 0.3827 -0.7071 0 0.7071
5 24 -0.7071 0 0.7071 -0.7071 1 0.7071 -0.9239 0 0.3827 -0.3827 0 0.9239
4 16 -0.9239 1 0.3827 -1 1 0 -1 0 0 -0.9239 0 0.3827
5 24 -0.9239 0 0.3827 -0.9239 1 0.3827 -1 0 0 -0.7071 0 0.7071
4 16 -1 1 0 -0.9239 1 -0.3827 -0.9239 0 -0.3827 -1 0 0
5 24 -1 0 0 -1 1 0 -0.9239 0 -0.3827 -0.9239 0 0.3827
4 16 -0.9239 1 -0.3827 -0.7071 1 -0.7071 -0.7071 0 -0.7071 -0.9239 0 -0.3827
5 24 -0.9239 0 -0.3827 -0.9239 1 -0.3827 -0.7071 0 -0.7071 -1 0 0
4 16 -0.7071 1 -0.7071 -0.3827 1 -0.9239 -0.3827 0 -0.9239 -0.7071 0 -0.7071
5 24 -0.7071 0 -0.7071 -0.7071 1 -0.7071 -0.3827 0 -0.9239 -0.9239 0 -0.3827
4 16 -0.3827 1 -0.9239 0 1 -1 0 0 -1 -0.3827 0 -0.9239
5 24 -0.3827 0 -0.9239 -0.3827 1 -0.9239 0 0 -1 -0.7071 0 -0.7071
4 16 0 1 -1 0.3827 1 -0.9239 0.3827 0 -0.9239 0 0 -1
5 24 0 0 -1 0 1 -1 0.3827 0 -0.9239 -0.3827 0 -0.9239
4 16 0.3827 1 -0.9239 0.7071 1 -0.7071 0.7071 0 -0.7071 0.3827 0 -0.9239
5 24 0.3827 0 -0.9239 0.3827 1 -0.9239 0.7071 0 -0.7071 0 0 -1
4 16 0.7071 1 -0.7071 0.9239 1 -0.3827 0.9239 0 -0.3827 0.7071 0 -0.7071
5 24 0.7071 0 -0.7071 0.7071 1 -0.7071 0.9239 0 -0.3827 0.3827 0 -0.9239
4 16 0.9239 1 -0.3827 1 1 0 1 0 0 0.9239 0 -0.3827
5 24 0.9239 0 -0.3827 0.9239 1 -0.3827 1 0 0 0.7071 0 -0.7071
0

0 FILE stud2a.dat
0 Stud Open without Base Edges
0 Name: stud2a.dat
0 Author: James Jessiman
0 !LDRAW_ORG Primitive UPDATE 2009-02
0 !LICENSE Licensed under CC BY 4.0 : see CAreadme.txt

0 BFC CERTIFY CCW

0 !HISTORY 1999-07-05 [PTadmin] Official Update 1999-05
0 !HISTORY 2002-04-04 [sbliss] Modified for BFC compliance
0 !HISTORY 2002-04-25 [PTadmin] Official Update 2002-02
0 !HISTORY 2007-06-24 [PTadmin] Header formatted for Contributor Agreement
0 !HISTORY 2008-07-01 [PTadmin] Official Update 2008-01
0 !HISTORY 2009-06-21 [cwdee] Update ring references to 4-4ring
0 !HISTORY 2009-09-03 [PTadmin] Official Update 2009-02


1 16 0 -4 0 4 0 0 0 1 0 0 0 4 4-4edge.dat
1 16 0 -4 0 6 0 0 0 1 0 0 0 6 4-4edge.dat
0 BFC INVERTNEXT
1 16 0 -4 0 4 0 0 0 4 0 0 0 4 4-4cyli.dat
1 16 0 -4 0 6 0 0 0 4 0 0 0 6 4-4cyli.dat
1 16 0 -4 0 2 0 0 0 1 0 0 0 2 4-4ring2.dat
0

0 FILE 4-4cylo.dat
0 Cylinder Open 1.0
0 Name: 4-4cylo.dat
0 Author: Mark Kennedy [mkennedy]
0 !LDRAW_ORG Primitive UPDATE 2010-01
0 !LICENSE Licensed under CC BY 4.0 : see CAreadme.txt

0 BFC CERTIFY CCW

0 !HISTORY 2010-04-05 [PTadmin] Official Update 2010-01


1 16 0 0 0 1 0 0 0 1 0 0 0 1 4-4edge.dat
1 16 0 1 0 1 0 0 0 1 0 0 0 1 4-4edge.dat
1 16 0 0 0 1 0 0 0 1 0 0 0 1 4-4cyli.dat
0

0 FILE 2-4cylo.dat
0 Cylinder Open 0.5
0 Name: 2-4cylo.dat
0 Author: Max Martin Richter [MMR1988]
0 !LDRAW_ORG Primitive UPDATE 2010-03
0 !LICENSE Licensed under CC BY 4.0 : see CAreadme.txt

0 BFC CERTIFY CCW

0 !HISTORY 2010-12-31 [PTadmin] Official Update 2010-03


1 16 0 0 0 1 0 0 0 1 0 0 0 1 2-4edge.dat
1 16 0 1 0 1 0 0 0 1 0 0 0 1 2-4edge.dat
1 16 0 0 0 1 0 0 0 1 0 0 0 1 2-4cyli.dat

0 FILE 3-4cyli.dat
0 Cylinder 0.75
0 Name: 3-4cyli.dat
0 Author: James Jessiman
0 !LDRAW_ORG Primitive UPDATE 2005-01
0 !LICENSE Licensed under CC BY 4.0 : see CAreadme.txt

0 BFC CERTIFY CCW

0 !HISTORY 2002-03-23 [sbliss] Added BFC statement; compacted code
0 !HISTORY 2002-04-25 [PTadmin] Official Update 2002-02
0 !HISTORY 2004-12-11 [nielsk] Recreated using Primitive Generator, Edge lines fixed, BFC changed to CCW
0 !HISTORY 2005-12-28 [PTadmin] Official Update 2005-01
0 !HISTORY 2007-06-24 [PTadmin] Header formatted for Contributor Agreement
0 !HISTORY 2008-07-01 [PTadmin] Official Update 2008-01


4 16 .9239 1 .3827 .9239 0 .3827 1 0 0 1 1 0
4 16 .7071 1 .7071 .7071 0 .7071 .9239 0 .3827 .9239 1 .3827
4 16 .3827 1 .9239 .3827 0 .9239 .7071 0 .7071 .7071 1 .7071
4 16 0 1 1 0 0 1 .3827 0 .9239 .3827 1 .9239
4 16 -.3827 1 .9239 -.3827 0 .9239 0 0 1 0 1 1
4 16 -.7071 1 .7071 -.7071 0 .7071 -.3827 0 .9239 -.3827 1 .9239
4 16 -.9239 1 .3827 -.9239 0 .3827 -.7071 0 .7071 -.7071 1 .7071
4 16 -1 1 0 -1 0 0 -.9239 0 .3827 -.9239 1 .3827
4 16 -.9239 1 -.3827 -.9239 0 -.3827 -1 0 0 -1 1 0
4 16 -.7071 1 -.7071 -.7071 0 -.7071 -.9239 0 -.3827 -.9239 1 -.3827
4 16 -.3827 1 -.9239 -.3827 0 -.9239 -.7071 0 -.7071 -.7071 1 -.7071
4 16 0 1 -1 0 0 -1 -.3827 0 -.9239 -.3827 1 -.9239
5 24 1 1 0 1 0 0 1 1 -.4142 .9239 1 .3827
5 24 .9239 1 .3827 .9239 0 .3827 1 1 0 .7071 1 .7071
5 24 .7071 1 .7071 .7071 0 .7071 .9239 1 .3827 .3827 1 .9239
5 24 .3827 1 .9239 .3827 0 .9239 .7071 1 .7071 0 1 1
5 24 0 1 1 0 0 1 .3827 1 .9239 -.3827 1 .9239
5 24 -.3827 1 .9239 -.3827 0 .9239 0 1 1 -.7071 1 .7071
5 24 -.7071 1 .7071 -.7071 0 .7071 -.3827 1 .9239 -.9239 1 .3827
5 24 -.9239 1 .3827 -.9239 0 .3827 -.7071 1 .7071 -1 1 0
5 24 -1 1 0 -1 0 0 -.9239 1 .3827 -.9239 1 -.3827
5 24 -.9239 1 -.3827 -.9239 0 -.3827 -1 1 0 -.7071 1 -.7071
5 24 -.7071 1 -.7071 -.7071 0 -.7071 -.9239 1 -.3827 -.3827 1 -.9239
5 24 -.3827 1 -.9239 -.3827 0 -.9239 -.7071 1 -.7071 0 1 -1
5 24 0 1 -1 0 0 -1 -.3827 1 -.9239 .4142 1 -1
0

0 FILE 2-4ring3.dat
0 Ring  3 x 0.5
0 Name: 2-4ring3.dat
0 Author: James Jessiman
0 !LDRAW_ORG Primitive UPDATE 2012-01
0 !LICENSE Licensed under CC BY 4.0 : see CAreadme.txt

0 BFC CERTIFY CCW

0 !HISTORY 1998-12-15 [PTadmin] Official Update 1998-10
0 !HISTORY 2003-01-21 [cavehop] Update Added BFC and some header info
0 !HISTORY 2003-03-12 [PTadmin] Official Update 2003-01
0 !HISTORY 2003-08-01 [PTadmin] Official Update 2003-02
0 !HISTORY 2007-06-24 [PTadmin] Header formatted for Contributor Agreement
0 !HISTORY 2008-07-01 [PTadmin] Official Update 2008-01
0 !HISTORY 2012-02-16 [Philo] Changed to CCW
0 !HISTORY 2012-03-30 [PTadmin] Official Update 2012-01


4 16 4 0 0 3.6956 0 1.5308 2.7717 0 1.1481 3 0 0
4 16 3.6956 0 1.5308 2.8284 0 2.8284 2.1213 0 2.1213 2.7717 0 1.1481
4 16 2.8284 0 2.8284 1.5308 0 3.6956 1.1481 0 2.7717 2.1213 0 2.1213
4 16 1.5308 0 3.6956 0 0 4 0 0 3 1.1481 0 2.7717
4 16 0 0 4 -1.5308 0 3.6956 -1.1481 0 2.7717 0 0 3
4 16 -1.5308 0 3.6956 -2.8284 0 2.8284 -2.1213 0 2.1213 -1.1481 0 2.7717
4 16 -2.8284 0 2.8284 -3.6956 0 1.5308 -2.7717 0 1.1481 -2.1213 0 2.1213
4 16 -3.6956 0 1.5308 -4 0 0 -3 0 0 -2.7717 0 1.1481

0 FILE 1-8cylo.dat
0 Cylinder Open 0.125
0 Name: 1-8cylo.dat
0 Author: Tim Gould [timgould]
0 !LDRAW_ORG Primitive UPDATE 2012-03
0 !LICENSE Licensed under CC BY 4.0 : see CAreadme.txt

0 BFC CERTIFY CCW

0 !HISTORY 2012-12-28 [PTadmin] Official Update 2012-03


1 16 0 0 0 1 0 0 0 1 0 0 0 1 1-8edge.dat
1 16 0 1 0 1 0 0 0 1 0 0 0 1 1-8edge.dat
1 16 0 0 0 1 0 0 0 1 0 0 0 1 1-8cyli.dat

0 FILE 1-8ring3.dat
0 Ring  3 x 0.125
0 Name: 1-8ring3.dat
0 Author: Paul Easter [pneaster]
0 !LDRAW_ORG Primitive UPDATE 2012-01
0 !LICENSE Licensed under CC BY 4.0 : see CAreadme.txt

0 BFC CERTIFY CCW

0 !HISTORY 2002-04-25 [PTadmin] Official Update 2002-02
0 !HISTORY 2007-06-22 [PTadmin] Header formatted for Contributor Agreement
0 !HISTORY 2008-07-01 [PTadmin] Official Update 2008-01
0 !HISTORY 2012-02-16 [Philo] Changed to CCW
0 !HISTORY 2012-03-30 [PTadmin] Official Update 2012-01


4 16 4 0 0 3.6955 0 1.5307 2.7716 0 1.1481 3 0 0
4 16 3.6955 0 1.5307 2.8284 0 2.8284 2.1213 0 2.1213 2.7716 0 1.1481

0 FILE 1-8tang.dat
0 Disc Negative Tangent 0.125
0 Name: 1-8tang.dat
0 Author: Steffen [Steffen]
0 !LDRAW_ORG Primitive UPDATE 2011-02
0 !LICENSE Licensed under CC BY 4.0 : see CAreadme.txt

0 BFC CERTIFY CCW

0 !HISTORY 2005-08-03 [OrionP] Updated to conform to 1-4tang.dat
0 !HISTORY 2011-12-29 [PTadmin] Official Update 2011-02


3 16 1 0 0 1 0 0.1989 0.9239 0 0.3827
3 16 0.9239 0 0.3827 0.8478 0 0.5665 0.7071 0 0.7071

0 FILE 1-4tang.dat
0 Disc Negative Tangent 0.25
0 Name: 1-4tang.dat
0 Author: Willy Tschager [Holly-Wood]
0 !LDRAW_ORG Primitive UPDATE 2024-01
0 !LICENSE Licensed under CC BY 4.0 : see CAreadme.txt

0 BFC CERTIFY CCW

0 !HISTORY 2011-12-29 [PTadmin] Official Update 2011-02
0 !HISTORY 2024-01-08 [Holly-Wood] Complete re-write, original by westrate
0 !HISTORY 2024-01-29 [OrionP] Official Update 2024-01

3 16 0 0 1 0.3827 0 0.9239 0.1989 0 1
3 16 0.3827 0 0.9239 0.7071 0 0.7071 0.5665 0 0.8478
3 16 0.7071 0 0.7071 0.9239 0 0.3827 0.8478 0 0.5665
3 16 0.9239 0 0.3827 1 0 0 1 0 0.1989

0 FILE 1-8chrd.dat
0 Chord 0.125
0 Name: 1-8chrd.dat
0 Author: Orion Pobursky [OrionP]
0 !LDRAW_ORG Primitive UPDATE 2023-05
0 !LICENSE Licensed under CC BY 4.0 : see CAreadme.txt

0 BFC CERTIFY CCW

0 !HISTORY 2004-04-22 [PTadmin] Official Update 2004-02
0 !HISTORY 2007-06-22 [PTadmin] Header formatted for Contributor Agreement
0 !HISTORY 2008-07-01 [PTadmin] Official Update 2008-01
0 !HISTORY 2023-10-27 [OrionP] Rebuilt with PrimGen2, original author westrate
0 !HISTORY 2023-10-31 [OrionP] Official Update 2023-05

3 16 1 0 0 0.9239 0 0.3827 0.7071 0 0.7071

0 FILE 4-4ring2.dat
0 Ring  2 x 1.0
0 Name: 4-4ring2.dat
0 Author: James Jessiman
0 !LDRAW_ORG Primitive UPDATE 2009-01
0 !LICENSE Licensed under CC BY 4.0 : see CAreadme.txt

0 BFC CERTIFY CCW

0 !HISTORY 1998-12-15 [PTadmin] Official Update 1998-10
0 !HISTORY 2002-04-05 [hafhead] Added BFC statement
0 !HISTORY 2002-04-25 [PTadmin] Official Update 2002-02
0 !HISTORY 2007-06-24 [PTadmin] Header formatted for Contributor Agreement
0 !HISTORY 2008-07-01 [PTadmin] Official Update 2008-01
0 !HISTORY 2008-08-26 [cwdee] Switch polygon winding and rename
0 !HISTORY 2009-05-02 [PTadmin] Official Update 2009-01


4 16 -1.1481 0 2.7717 -0.7654 0 1.8478 0 0 2 0 0 3
4 16 -2.1213 0 2.1213 -1.4142 0 1.4142 -0.7654 0 1.8478 -1.1481 0 2.7717
4 16 -2.7717 0 1.1481 -1.8478 0 0.7654 -1.4142 0 1.4142 -2.1213 0 2.1213
4 16 -3 0 0 -2 0 0 -1.8478 0 0.7654 -2.7717 0 1.1481
4 16 -2.7717 0 -1.1481 -1.8478 0 -0.7654 -2 0 0 -3 0 0
4 16 -2.1213 0 -2.1213 -1.4142 0 -1.4142 -1.8478 0 -0.7654 -2.7717 0 -1.1481
4 16 -1.1481 0 -2.7717 -0.7654 0 -1.8478 -1.4142 0 -1.4142 -2.1213 0 -2.1213
4 16 0 0 -3 0 0 -2 -0.7654 0 -1.8478 -1.1481 0 -2.7717
4 16 1.1481 0 -2.7717 0.7654 0 -1.8478 0 0 -2 0 0 -3
4 16 2.1213 0 -2.1213 1.4142 0 -1.4142 0.7654 0 -1.8478 1.1481 0 -2.7717
4 16 2.7717 0 -1.1481 1.8478 0 -0.7654 1.4142 0 -1.4142 2.1213 0 -2.1213
4 16 3 0 0 2 0 0 1.8478 0 -0.7654 2.7717 0 -1.1481
4 16 2.7717 0 1.1481 1.8478 0 0.7654 2 0 0 3 0 0
4 16 2.1213 0 2.1213 1.4142 0 1.4142 1.8478 0 0.7654 2.7717 0 1.1481
4 16 1.1481 0 2.7717 0.7654 0 1.8478 1.4142 0 1.4142 2.1213 0 2.1213
4 16 0 0 3 0 0 2 0.7654 0 1.8478 1.1481 0 2.7717
0

0 FILE 2-4ring4.dat
0 Ring  4 x 0.5
0 Name: 2-4ring4.dat
0 Author: Paul Easter [pneaster]
0 !LDRAW_ORG Primitive UPDATE 2012-01
0 !LICENSE Licensed under CC BY 4.0 : see CAreadme.txt

0 BFC CERTIFY CCW

0 !HISTORY 2000-09-30 [PTadmin] Official Update 2000-02
0 !HISTORY 2003-06-11 [pneaster] Corrected Values
0 !HISTORY 2003-08-01 [PTadmin] Official Update 2003-02
0 !HISTORY 2007-06-24 [PTadmin] Header formatted for Contributor Agreement
0 !HISTORY 2008-07-01 [PTadmin] Official Update 2008-01
0 !HISTORY 2012-02-16 [Philo] Changed to CCW
0 !HISTORY 2012-03-30 [PTadmin] Official Update 2012-01


4 16 5 0 0 4.6195 0 1.9135 3.6956 0 1.5308 4 0 0
4 16 4.6195 0 1.9135 3.5355 0 3.5355 2.8284 0 2.8284 3.6956 0 1.5308
4 16 3.5355 0 3.5355 1.9135 0 4.6195 1.5308 0 3.6956 2.8284 0 2.8284
4 16 1.9135 0 4.6195 0 0 5 0 0 4 1.5308 0 3.6956
4 16 0 0 5 -1.9135 0 4.6195 -1.5308 0 3.6956 0 0 4
4 16 -1.9135 0 4.6195 -3.5355 0 3.5355 -2.8284 0 2.8284 -1.5308 0 3.6956
4 16 -3.5355 0 3.5355 -4.6195 0 1.9135 -3.6956 0 1.5308 -2.8284 0 2.8284
4 16 -4.6195 0 1.9135 -5 0 0 -4 0 0 -3.6956 0 1.5308

0 FILE 2-4ndis.dat
0 Disc Negative 0.5
0 Name: 2-4ndis.dat
0 Author: James Jessiman
0 !LDRAW_ORG Primitive UPDATE 2012-01
0 !LICENSE Licensed under CC BY 4.0 : see CAreadme.txt

0 BFC CERTIFY CCW

0 !HISTORY 2002-03-23 [sbliss] Added BFC statement; compacted code
0 !HISTORY 2002-04-25 [PTadmin] Official Update 2002-02
0 !HISTORY 2007-06-24 [PTadmin] Header formatted for Contributor Agreement
0 !HISTORY 2008-07-01 [PTadmin] Official Update 2008-01
0 !HISTORY 2012-02-16 [Philo] Changed to CCW
0 !HISTORY 2012-03-30 [PTadmin] Official Update 2012-01


3 16 0.9239 0 0.3827 1 0 0 1 0 1
3 16 0.7071 0 0.7071 0.9239 0 0.3827 1 0 1
3 16 0.3827 0 0.9239 0.7071 0 0.7071 1 0 1
3 16 0 0 1 0.3827 0 0.9239 1 0 1
3 16 -0.3827 0 0.9239 0 0 1 -1 0 1
3 16 -0.7071 0 0.7071 -0.3827 0 0.9239 -1 0 1
3 16 -0.9239 0 0.3827 -0.7071 0 0.7071 -1 0 1
3 16 -1 0 0 -0.9239 0 0.3827 -1 0 1

0 FILE 3-4ring2.dat
0 Ring  2 x 0.75
0 Name: 3-4ring2.dat
0 Author: Mark Kennedy [mkennedy]
0 !LDRAW_ORG Primitive UPDATE 2012-01
0 !LICENSE Licensed under CC BY 4.0 : see CAreadme.txt

0 BFC CERTIFY CCW

0 !HISTORY 2009-05-02 [PTadmin] Official Update 2009-01
0 !HISTORY 2012-02-16 [Philo] Changed to CCW
0 !HISTORY 2012-03-30 [PTadmin] Official Update 2012-01


4 16 3 0 0 2.7717 0 1.1481 1.8478 0 0.7654 2 0 0
4 16 2.7717 0 1.1481 2.1213 0 2.1213 1.4142 0 1.4142 1.8478 0 0.7654
4 16 2.1213 0 2.1213 1.1481 0 2.7717 0.7654 0 1.8478 1.4142 0 1.4142
4 16 1.1481 0 2.7717 0 0 3 0 0 2 0.7654 0 1.8478
4 16 0 0 3 -1.1481 0 2.7717 -0.7654 0 1.8478 0 0 2
4 16 -1.1481 0 2.7717 -2.1213 0 2.1213 -1.4142 0 1.4142 -0.7654 0 1.8478
4 16 -2.1213 0 2.1213 -2.7717 0 1.1481 -1.8478 0 0.7654 -1.4142 0 1.4142
4 16 -2.7717 0 1.1481 -3 0 0 -2 0 0 -1.8478 0 0.7654
4 16 -3 0 0 -2.7717 0 -1.1481 -1.8478 0 -0.7654 -2 0 0
4 16 -2.7717 0 -1.1481 -2.1213 0 -2.1213 -1.4142 0 -1.4142 -1.8478 0 -0.7654
4 16 -2.1213 0 -2.1213 -1.1481 0 -2.7717 -0.7654 0 -1.8478 -1.4142 0 -1.4142
4 16 -1.1481 0 -2.7717 0 0 -3 0 0 -2 -0.7654 0 -1.8478

0 FILE 1-4ndis.dat
0 Disc Negative 0.25
0 Name: 1-4ndis.dat
0 Author: James Jessiman
0 !LDRAW_ORG Primitive UPDATE 2012-01
0 !LICENSE Licensed under CC BY 4.0 : see CAreadme.txt

0 BFC CERTIFY CCW

0 !HISTORY 2002-03-23 [sbliss] Added BFC Statement
0 !HISTORY 2002-04-25 [PTadmin] Official Update 2002-02
0 !HISTORY 2007-06-22 [PTadmin] Header formatted for Contributor Agreement
0 !HISTORY 2008-07-01 [PTadmin] Official Update 2008-01
0 !HISTORY 2012-02-16 [Philo] Changed to CCW
0 !HISTORY 2012-03-30 [PTadmin] Official Update 2012-01


3 16 0.9239 0 0.3827 1 0 0 1 0 1
3 16 0.7071 0 0.7071 0.9239 0 0.3827 1 0 1
3 16 0.3827 0 0.9239 0.7071 0 0.7071 1 0 1
3 16 0 0 1 0.3827 0 0.9239 1 0 1

0 FILE 4-4edge.dat
0 Circle 1.0
0 Name: 4-4edge.dat
0 Author: James Jessiman
0 !LDRAW_ORG Primitive UPDATE 2017-01
0 !LICENSE Licensed under CC BY 4.0 : see CAreadme.txt

0 BFC CERTIFY CCW

0 !HISTORY 1998-12-15 [PTadmin] Official Update 1998-10
0 !HISTORY 2005-12-28 [PTadmin] Official Update 2005-01
0 !HISTORY 2007-06-24 [PTadmin] Header formatted for Contributor Agreement
0 !HISTORY 2008-07-01 [PTadmin] Official Update 2008-01
0 !HISTORY 2017-01-15 [Steffen] BFCed
0 !HISTORY 2017-12-30 [PTadmin] Official Update 2017-01


2 24 1 0 0 0.9239 0 0.3827
2 24 0.9239 0 0.3827 0.7071 0 0.7071
2 24 0.7071 0 0.7071 0.3827 0 0.9239
2 24 0.3827 0 0.9239 0 0 1
2 24 0 0 1 -0.3827 0 0.9239
2 24 -0.3827 0 0.9239 -0.7071 0 0.7071
2 24 -0.7071 0 0.7071 -0.9239 0 0.3827
2 24 -0.9239 0 0.3827 -1 0 -0
2 24 -1 0 -0 -0.9239 0 -0.3827
2 24 -0.9239 0 -0.3827 -0.7071 0 -0.7071
2 24 -0.7071 0 -0.7071 -0.3827 0 -0.9239
2 24 -0.3827 0 -0.9239 0 0 -1
2 24 0 0 -1 0.3827 0 -0.9239
2 24 0.3827 0 -0.9239 0.7071 0 -0.7071
2 24 0.7071 0 -0.7071 0.9239 0 -0.3827
2 24 0.9239 0 -0.3827 1 0 0

0 FILE 1-8edge.dat
0 Circle 0.125
0 Name: 1-8edge.dat
0 Author: James Jessiman
0 !LDRAW_ORG Primitive UPDATE 2017-01
0 !LICENSE Licensed under CC BY 4.0 : see CAreadme.txt

0 BFC CERTIFY CCW

0 !HISTORY 2007-06-22 [PTadmin] Header formatted for Contributor Agreement
0 !HISTORY 2008-07-01 [PTadmin] Official Update 2008-01
0 !HISTORY 2017-01-15 [Steffen] BFCed
0 !HISTORY 2017-12-30 [PTadmin] Official Update 2017-01


2 24 1 0 0 0.9239 0 0.3827
2 24 0.9239 0 0.3827 0.7071 0 0.7071

0 FILE 3-4edge.dat
0 Circle 0.75
0 Name: 3-4edge.dat
0 Author: James Jessiman
0 !LDRAW_ORG Primitive UPDATE 2017-01
0 !LICENSE Licensed under CC BY 4.0 : see CAreadme.txt

0 BFC CERTIFY CCW

0 !HISTORY 2007-06-24 [PTadmin] Header formatted for Contributor Agreement
0 !HISTORY 2008-07-01 [PTadmin] Official Update 2008-01
0 !HISTORY 2017-01-15 [Steffen] BFCed
0 !HISTORY 2017-12-30 [PTadmin] Official Update 2017-01


2 24 1 0 0 0.9239 0 0.3827
2 24 0.9239 0 0.3827 0.7071 0 0.7071
2 24 0.7071 0 0.7071 0.3827 0 0.9239
2 24 0.3827 0 0.9239 0 0 1
2 24 0 0 1 -0.3827 0 0.9239
2 24 -0.3827 0 0.9239 -0.7071 0 0.7071
2 24 -0.7071 0 0.7071 -0.9239 0 0.3827
2 24 -0.9239 0 0.3827 -1 0 0
2 24 -1 0 -0 -0.9239 0 -0.3827
2 24 -0.9239 0 -0.3827 -0.7071 0 -0.7071
2 24 -0.7071 0 -0.7071 -0.3827 0 -0.9239
2 24 -0.3827 0 -0.9239 0 0 -1

0 FILE box4o8a.dat
0 Box with 4 Faces (2 Parallel Pairs) without Top and Bottom Edges
0 Name: box4o8a.dat
0 Author: Steffen [Steffen]
0 !LDRAW_ORG Primitive UPDATE 2012-01
0 !LICENSE Licensed under CC BY 4.0 : see CAreadme.txt

0 BFC CERTIFY CCW

0 !HISTORY 2004-04-22 [PTadmin] Official Update 2004-02
0 !HISTORY 2007-06-24 [PTadmin] Header formatted for Contributor Agreement
0 !HISTORY 2008-07-01 [PTadmin] Official Update 2008-01
0 !HISTORY 2012-02-16 [Philo] Changed to CCW
0 !HISTORY 2012-03-30 [PTadmin] Official Update 2012-01


2 24 1 0 1 1 1 1
2 24 -1 0 1 -1 1 1
2 24 1 0 -1 1 1 -1
2 24 -1 0 -1 -1 1 -1
4 16 -1 1 1 -1 0 1 1 0 1 1 1 1
4 16 -1 1 -1 -1 0 -1 -1 0 1 -1 1 1
4 16 1 1 -1 1 0 -1 -1 0 -1 -1 1 -1
4 16 1 1 1 1 0 1 1 0 -1 1 1 -1

0 FILE rect.dat
0 Rectangle
0 Name: rect.dat
0 Author: James Jessiman
0 !LDRAW_ORG Primitive UPDATE 2010-01
0 !LICENSE Licensed under CC BY 4.0 : see CAreadme.txt

0 BFC CERTIFY CCW

0 !HISTORY 2002-04-05 [hafhead] Added BFC statement
0 !HISTORY 2002-04-25 [PTadmin] Official Update 2002-02
0 !HISTORY 2007-06-24 [PTadmin] Header formatted for Contributor Agreement
0 !HISTORY 2008-07-01 [PTadmin] Official Update 2008-01
0 !HISTORY 2010-01-17 [mikeheide] changed winding to CCW
0 !HISTORY 2010-04-05 [PTadmin] Official Update 2010-01


2 24 1 0 1 -1 0 1
2 24 -1 0 1 -1 0 -1
2 24 -1 0 -1 1 0 -1
2 24 1 0 -1 1 0 1
4 16 -1 0 1 -1 0 -1 1 0 -1 1 0 1
0

0 FILE rect2p.dat
0 Rectangle with 2 Parallel Edges
0 Name: rect2p.dat
0 Author: Donald Sutter [technog]
0 !LDRAW_ORG Primitive UPDATE 2010-01
0 !LICENSE Licensed under CC BY 4.0 : see CAreadme.txt

0 BFC CERTIFY CCW

0 !HISTORY 2003-08-01 [PTadmin] Official Update 2003-02
0 !HISTORY 2007-06-24 [PTadmin] Header formatted for Contributor Agreement
0 !HISTORY 2008-07-01 [PTadmin] Official Update 2008-01
0 !HISTORY 2010-01-17 [mikeheide] changed winding to CCW
0 !HISTORY 2010-04-05 [PTadmin] Official Update 2010-01


2 24 1 0 1 -1 0 1
2 24 -1 0 -1 1 0 -1
4 16 -1 0 1 -1 0 -1 1 0 -1 1 0 1
0

0 FILE rect1.dat
0 Rectangle with 1 Edge
0 Name: rect1.dat
0 Author: Chris Dee [cwdee]
0 !LDRAW_ORG Primitive UPDATE 2010-01
0 !LICENSE Licensed under CC BY 4.0 : see CAreadme.txt

0 BFC CERTIFY CCW

0 !HISTORY 2003-12-19 [PTadmin] Official Update 2003-03
0 !HISTORY 2007-06-24 [PTadmin] Header formatted for Contributor Agreement
0 !HISTORY 2008-07-01 [PTadmin] Official Update 2008-01
0 !HISTORY 2010-01-17 [mikeheide] changed winding to CCW
0 !HISTORY 2010-04-05 [PTadmin] Official Update 2010-01


2 24 1 0 -1 1 0 1
4 16 -1 0 1 -1 0 -1 1 0 -1 1 0 1
0

0 FILE parts/s/3005s01.dat
0 ~Brick  1 x  1 without Front Face
0 Name: s\3005s01.dat
0 Author: Willy Tschager [Holly-Wood]
0 !LDRAW_ORG Subpart UPDATE 2024-04
0 !LICENSE Licensed under CC BY 4.0 : see CAreadme.txt

0 BFC CERTIFY CCW

0 !HISTORY 2003-09-07 [jriley] BFCed & Subfiled
0 !HISTORY 2004-03-02 [PTadmin] Official Update 2004-01
0 !HISTORY 2007-08-29 [PTadmin] Header formatted for Contributor Agreement
0 !HISTORY 2008-07-01 [PTadmin] Official Update 2008-01
0 !HISTORY 2024-03-15 [Holly-Wood] Complete re-write, original by jriley
0 !HISTORY 2024-05-28 [OrionP] Official Update 2024-04

1 16 0 0 0 0 0 1 0 1 0 -1 0 0 stud.dat
1 16 0 24 0 -10 0 0 0 -24 0 0 0 10 box4t.dat
0 BFC INVERTNEXT
1 16 0 24 0 -6 0 0 0 -20 0 0 0 6 box5.dat

4 16 -6 24 -6 6 24 -6 10 24 -10 -10 24 -10
4 16 10 24 -10 6 24 -6 6 24 6 10 24 10
4 16 6 24 6 -6 24 6 -10 24 10 10 24 10
4 16 -10 24 10 -6 24 6 -6 24 -6 -10 24 -10

0 FILE parts/s/3010s01.dat
0 ~Brick  1 x  4 without Front Face
0 Name: s\3010s01.dat
0 Author: Willy Tschager [Holly-Wood]
0 !LDRAW_ORG Subpart UPDATE 2024-03
0 !LICENSE Licensed under CC BY 4.0 : see CAreadme.txt

0 BFC CERTIFY CCW

0 !HISTORY 2003-08-01 [PTadmin] Official Update 2003-02
0 !HISTORY 2007-08-29 [PTadmin] Header formatted for Contributor Agreement
0 !HISTORY 2008-07-01 [PTadmin] Official Update 2008-01
0 !HISTORY 2024-03-15 [Holly-Wood] Complete re-write, original by hafhead
0 !HISTORY 2024-04-28 [OrionP] Official Update 2024-03

1 16 0 0 0 1 0 0 0 1 0 0 0 1 stug-1x4.dat
1 16 0 4 0 1 0 0 0 -5 0 0 0 1 stug3-1x3.dat

1 16 0 24 0 -40 0 0 0 -24 0 0 0 10 box4t.dat
0 BFC INVERTNEXT
1 16 0 24 0 -36 0 0 0 -20 0 0 0 6 box5.dat

4 16 -36 24 -6 36 24 -6 40 24 -10 -40 24 -10
4 16 40 24 -10 36 24 -6 36 24 6 40 24 10
4 16 40 24 10 36 24 6 -36 24 6 -40 24 10
4 16 -40 24 10 -36 24 6 -36 24 -6 -40 24 -10

0 FILE 4-4ring3.dat
0 Ring  3 x 1.0
0 Name: 4-4ring3.dat
0 Author: James Jessiman
0 !LDRAW_ORG Primitive UPDATE 2009-01
0 !LICENSE Licensed under CC BY 4.0 : see CAreadme.txt

0 BFC CERTIFY CCW

0 !HISTORY 1998-12-15 [PTadmin] Official Update 1998-10
0 !HISTORY 2002-04-05 [hafhead] Added BFC statement
0 !HISTORY 2002-04-25 [PTadmin] Official Update 2002-02
0 !HISTORY 2007-06-24 [PTadmin] Header formatted for Contributor Agreement
0 !HISTORY 2008-07-01 [PTadmin] Official Update 2008-01
0 !HISTORY 2008-08-26 [cwdee] Switch polygon winding and rename
0 !HISTORY 2009-05-02 [PTadmin] Official Update 2009-01


4 16 -1.5308 0 3.6956 -1.1481 0 2.7717 0 0 3 0 0 4
4 16 -2.8284 0 2.8284 -2.1213 0 2.1213 -1.1481 0 2.7717 -1.5308 0 3.6956
4 16 -3.6956 0 1.5308 -2.7717 0 1.1481 -2.1213 0 2.1213 -2.8284 0 2.8284
4 16 -4 0 0 -3 0 0 -2.7717 0 1.1481 -3.6956 0 1.5308
4 16 -3.6956 0 -1.5308 -2.7717 0 -1.1481 -3 0 0 -4 0 0
4 16 -2.8284 0 -2.8284 -2.1213 0 -2.1213 -2.7717 0 -1.1481 -3.6956 0 -1.5308
4 16 -1.5308 0 -3.6956 -1.1481 0 -2.7717 -2.1213 0 -2.1213 -2.8284 0 -2.8284
4 16 0 0 -4 0 0 -3 -1.1481 0 -2.7717 -1.5308 0 -3.6956
4 16 1.5308 0 -3.6956 1.1481 0 -2.7717 0 0 -3 0 0 -4
4 16 2.8284 0 -2.8284 2.1213 0 -2.1213 1.1481 0 -2.7717 1.5308 0 -3.6956
4 16 3.6956 0 -1.5308 2.7717 0 -1.1481 2.1213 0 -2.1213 2.8284 0 -2.8284
4 16 4 0 0 3 0 0 2.7717 0 -1.1481 3.6956 0 -1.5308
4 16 3.6956 0 1.5308 2.7717 0 1.1481 3 0 0 4 0 0
4 16 2.8284 0 2.8284 2.1213 0 2.1213 2.7717 0 1.1481 3.6956 0 1.5308
4 16 1.5308 0 3.6956 1.1481 0 2.7717 2.1213 0 2.1213 2.8284 0 2.8284
4 16 0 0 4 0 0 3 1.1481 0 2.7717 1.5308 0 3.6956
0

0 FILE 4-4disc.dat
0 Disc 1.0
0 Name: 4-4disc.dat
0 Author: James Jessiman
0 !LDRAW_ORG Primitive UPDATE 2002-02
0 !LICENSE Licensed under CC BY 4.0 : see CAreadme.txt

0 BFC CERTIFY CCW

0 !HISTORY 1998-12-15 [PTadmin] Official Update 1998-10
0 !HISTORY 2002-03-23 [sbliss] Added BFC statement
0 !HISTORY 2002-04-25 [PTadmin] Official Update 2002-02
0 !HISTORY 2007-06-24 [PTadmin] Header formatted for Contributor Agreement
0 !HISTORY 2008-07-01 [PTadmin] Official Update 2008-01


3 16 0 0 0 1 0 0 0.9239 0 0.3827
3 16 0 0 0 0.9239 0 0.3827 0.7071 0 0.7071
3 16 0 0 0 0.7071 0 0.7071 0.3827 0 0.9239
3 16 0 0 0 0.3827 0 0.9239 0 0 1
3 16 0 0 0 0 0 1 -0.3827 0 0.9239
3 16 0 0 0 -0.3827 0 0.9239 -0.7071 0 0.7071
3 16 0 0 0 -0.7071 0 0.7071 -0.9239 0 0.3827
3 16 0 0 0 -0.9239 0 0.3827 -1 0 -0
3 16 0 0 0 -1 0 -0 -0.9239 0 -0.3827
3 16 0 0 0 -0.9239 0 -0.3827 -0.7071 0 -0.7071
3 16 0 0 0 -0.7071 0 -0.7071 -0.3827 0 -0.9239
3 16 0 0 0 -0.3827 0 -0.9239 0 0 -1
3 16 0 0 0 0 0 -1 0.3827 0 -0.9239
3 16 0 0 0 0.3827 0 -0.9239 0.7071 0 -0.7071
3 16 0 0 0 0.7071 0 -0.7071 0.9239 0 -0.3827
3 16 0 0 0 0.9239 0 -0.3827 1 0 0
0

0 FILE box3u2p.dat
0 Box with 3 Faces without 2 Parallel Edges
0 Name: box3u2p.dat
0 Author: Niels Karsdorp [nielsk]
0 !LDRAW_ORG Primitive UPDATE 2012-01
0 !LICENSE Licensed under CC BY 4.0 : see CAreadme.txt

0 BFC CERTIFY CCW

0 !HISTORY 2003-03-12 [PTadmin] Official Update 2003-01
0 !HISTORY 2007-06-24 [PTadmin] Header formatted for Contributor Agreement
0 !HISTORY 2008-07-01 [PTadmin] Official Update 2008-01
0 !HISTORY 2012-02-16 [Philo] Changed to CCW
0 !HISTORY 2012-03-30 [PTadmin] Official Update 2012-01


2 24 1 1 1 -1 1 1
2 24 -1 1 -1 1 1 -1
2 24 1 0 1 -1 0 1
2 24 -1 0 -1 1 0 -1
2 24 1 1 1 1 1 -1
2 24 -1 1 1 -1 1 -1
2 24 1 1 1 1 0 1
2 24 1 1 -1 1 0 -1
2 24 -1 1 1 -1 0 1
2 24 -1 1 -1 -1 0 -1
4 16 -1 1 -1 -1 1 1 1 1 1 1 1 -1
4 16 -1 1 1 -1 0 1 1 0 1 1 1 1
4 16 1 1 -1 1 0 -1 -1 0 -1 -1 1 -1

0 FILE stud4a.dat
0 Stud Tube Open without Base Edges
0 Name: stud4a.dat
0 Author: James Jessiman
0 !LDRAW_ORG Primitive UPDATE 2009-02
0 !LICENSE Licensed under CC BY 4.0 : see CAreadme.txt

0 BFC CERTIFY CCW

0 !HISTORY 1999-07-05 [PTadmin] Official Update 1999-05
0 !HISTORY 2002-04-04 [sbliss] Modified for BFC compliance
0 !HISTORY 2002-04-25 [PTadmin] Official Update 2002-02
0 !HISTORY 2007-06-24 [PTadmin] Header formatted for Contributor Agreement
0 !HISTORY 2008-07-01 [PTadmin] Official Update 2008-01
0 !HISTORY 2009-06-21 [cwdee] Update ring references to 4-4ring
0 !HISTORY 2009-09-03 [PTadmin] Official Update 2009-02


1 16 0 -4 0 6 0 0 0 1 0 0 0 6 4-4edge.dat
1 16 0 -4 0 8 0 0 0 1 0 0 0 8 4-4edge.dat
0 BFC INVERTNEXT
1 16 0 -4 0 6 0 0 0 4 0 0 0 6 4-4cyli.dat
1 16 0 -4 0 8 0 0 0 4 0 0 0 8 4-4cyli.dat
1 16 0 -4 0 2 0 0 0 1 0 0 0 2 4-4ring3.dat
0

0 FILE axlehol3.dat
0 Technic Axle Hole Tooth Outer Edges
0 Name: axlehol3.dat
0 Author: James Jessiman
0 !LDRAW_ORG Primitive UPDATE 2022-02
0 !LICENSE Licensed under CC BY 4.0 : see CAreadme.txt

0 BFC CERTIFY CCW

0 !HISTORY 2002-11-08 [OrionP] Adjusted fit and precision
0 !HISTORY 2003-03-12 [PTadmin] Official Update 2003-01
0 !HISTORY 2007-06-24 [PTadmin] Header formatted for Contributor Agreement
0 !HISTORY 2008-07-01 [PTadmin] Official Update 2008-01
0 !HISTORY 2021-12-24 [MagFors] rounded to four decimals
0 !HISTORY 2022-03-06 [PTadmin] Official Update 2022-02


1 16 0 0 0 5.54328 0 -2.2961 0 1 0 2.2961 0 5.54328 1-8edge.dat
2 24 5.6023 0 2 5.5433 0 2.2961
2 24 2.2961 0 5.5433 2 0 5.6023
1 16 0 0 0 2.2961 0 5.54328 0 1 0 -5.54328 0 2.2961 1-8edge.dat
2 24 2 0 -5.6023 2.2961 0 -5.5433
2 24 5.5433 0 -2.2961 5.6023 0 -2
1 16 0 0 0 -5.54328 0 2.2961 0 1 0 -2.2961 0 -5.54328 1-8edge.dat
2 24 -5.6023 0 -2 -5.5433 0 -2.2961
2 24 -2.2961 0 -5.5433 -2 0 -5.6023
1 16 0 0 0 -2.2961 0 -5.54328 0 1 0 5.54328 0 -2.2961 1-8edge.dat
2 24 -2 0 5.6023 -2.2961 0 5.5433
2 24 -5.5433 0 2.2961 -5.6023 0 2

0 FILE axlehole.dat
0 Technic Axle Hole Closed
0 Name: axlehole.dat
0 Author: James Jessiman
0 !LDRAW_ORG Primitive UPDATE 2022-02
0 !LICENSE Licensed under CC BY 4.0 : see CAreadme.txt

0 BFC CERTIFY CCW

0 !HISTORY 2000-04-23 [sbliss] Added conditional edges along outermost diameters
0 !HISTORY 2000-05-07 [PTadmin] Official Update 2000-01
0 !HISTORY 2002-05-08 [OrionP] Made BFC compliant
0 !HISTORY 2002-08-18 [PTadmin] Official Update 2002-04
0 !HISTORY 2002-11-08 [OrionP] Adjusted fit and precision
0 !HISTORY 2003-03-12 [PTadmin] Official Update 2003-01
0 !HISTORY 2005-05-15 [guyvivan] Use 1-8chrd.dat primitive and made BFC'ed CCW
0 !HISTORY 2005-12-28 [PTadmin] Official Update 2005-01
0 !HISTORY 2007-06-24 [PTadmin] Header formatted for Contributor Agreement
0 !HISTORY 2008-07-01 [PTadmin] Official Update 2008-01
0 !HISTORY 2021-03-25 [Sirio] Added adapter rings and rounded to four decimals
0 !HISTORY 2021-12-20 [MagFors] Reshaped the hole
0 !HISTORY 2022-03-06 [PTadmin] Official Update 2022-02


1 16 0 0 0 1 0 0 0 1 0 0 0 1 axl5hol9.dat
1 16 0 1 0 1 0 0 0 1 0 0 0 1 axl5hol9.dat
1 16 0 0 0 1 0 0 0 1 0 0 0 1 axl5ho10.dat
1 16 0 1 0 1 0 0 0 -1 0 0 0 -1 axl5ho10.dat

1 16 0 0 0 1 0 0 0 1 0 0 0 1 axl5hol8.dat

0 // Adapter rings
1 16 0 0 0 6 0 0 0 1 0 0 0 6 1-16chrd.dat
1 16 0 0 0 0 0 6 0 1 0 6 0 0 1-16chrd.dat
1 16 0 0 0 0 0 -6 0 1 0 6 0 0 1-16chrd.dat
1 16 0 0 0 -6 0 0 0 1 0 0 0 6 1-16chrd.dat
1 16 0 0 0 -6 0 0 0 1 0 0 0 -6 1-16chrd.dat
1 16 0 0 0 0 0 -6 0 1 0 -6 0 0 1-16chrd.dat
1 16 0 0 0 0 0 6 0 1 0 -6 0 0 1-16chrd.dat
1 16 0 0 0 6 0 0 0 1 0 0 0 -6 1-16chrd.dat

1 16 0 1 0 6 0 0 0 -1 0 0 0 6 1-16chrd.dat
1 16 0 1 0 0 0 6 0 -1 0 6 0 0 1-16chrd.dat
1 16 0 1 0 0 0 -6 0 -1 0 6 0 0 1-16chrd.dat
1 16 0 1 0 -6 0 0 0 -1 0 0 0 6 1-16chrd.dat
1 16 0 1 0 -6 0 0 0 -1 0 0 0 -6 1-16chrd.dat
1 16 0 1 0 0 0 -6 0 -1 0 -6 0 0 1-16chrd.dat
1 16 0 1 0 0 0 6 0 -1 0 -6 0 0 1-16chrd.dat
1 16 0 1 0 6 0 0 0 -1 0 0 0 -6 1-16chrd.dat

0 FILE axlehol2.dat
0 Technic Axle Hole Side Edges
0 Name: axlehol2.dat
0 Author: James Jessiman
0 !LDRAW_ORG Primitive UPDATE 2022-02
0 !LICENSE Licensed under CC BY 4.0 : see CAreadme.txt

0 BFC CERTIFY CCW

0 !HISTORY 2002-11-08 [OrionP] Adjusted fit and precision
0 !HISTORY 2003-03-12 [PTadmin] Official Update 2003-01
0 !HISTORY 2007-06-24 [PTadmin] Header formatted for Contributor Agreement
0 !HISTORY 2008-07-01 [PTadmin] Official Update 2008-01
0 !HISTORY 2021-12-24 [MagFors] rounded to four decimals
0 !HISTORY 2022-03-06 [PTadmin] Official Update 2022-02


2 24 6 0 0 5.6023 0 2
2 24 2 0 5.6023 0 0 6
2 24 -6 0 0 -5.6023 0 2
2 24 -2 0 5.6023 0 0 6
2 24 6 0 0 5.6023 0 -2
2 24 2 0 -5.6023 0 0 -6
2 24 -6 0 0 -5.6023 0 -2
2 24 -2 0 -5.6023 0 0 -6

0 FILE 1-8cyli.dat
0 Cylinder 0.125
0 Name: 1-8cyli.dat
0 Author: James Jessiman
0 !LDRAW_ORG Primitive UPDATE 2005-01
0 !LICENSE Licensed under CC BY 4.0 : see CAreadme.txt

0 BFC CERTIFY CCW

0 !HISTORY 2002-04-25 [PTadmin] Official Update 2002-02
0 !HISTORY 2004-12-11 [nielsk] Recreated using Primitive Generator, Edge lines fixed, BFC changed to CCW
0 !HISTORY 2005-12-28 [PTadmin] Official Update 2005-01
0 !HISTORY 2007-06-22 [PTadmin] Header formatted for Contributor Agreement
0 !HISTORY 2008-07-01 [PTadmin] Official Update 2008-01


4 16 .9239 1 .3827 .9239 0 .3827 1 0 0 1 1 0
4 16 .7071 1 .7071 .7071 0 .7071 .9239 0 .3827 .9239 1 .3827
5 24 1 1 0 1 0 0 1 1 -.4142 .9239 1 .3827
5 24 .9239 1 .3827 .9239 0 .3827 1 1 0 .7071 1 .7071
5 24 .7071 1 .7071 .7071 0 .7071 .9239 1 .3827 .4142 1 1
0

0 FILE 4-4ring1.dat
0 Ring  1 x 1.0
0 Name: 4-4ring1.dat
0 Author: James Jessiman
0 !LDRAW_ORG Primitive UPDATE 2009-01
0 !LICENSE Licensed under CC BY 4.0 : see CAreadme.txt

0 BFC CERTIFY CCW

0 !HISTORY 1998-12-15 [PTadmin] Official Update 1998-10
0 !HISTORY 2002-04-08 [BrickCaster] Modified for BFC compliance
0 !HISTORY 2002-04-25 [PTadmin] Official Update 2002-02
0 !HISTORY 2007-06-24 [PTadmin] Header formatted for Contributor Agreement
0 !HISTORY 2008-07-01 [PTadmin] Official Update 2008-01
0 !HISTORY 2008-08-26 [cwdee] Switch polygon winding and rename
0 !HISTORY 2009-05-02 [PTadmin] Official Update 2009-01


4 16 -0.7654 0 1.8478 -0.3827 0 0.9239 0 0 1 0 0 2
4 16 -1.4142 0 1.4142 -0.7071 0 0.7071 -0.3827 0 0.9239 -0.7654 0 1.8478
4 16 -1.8478 0 0.7654 -0.9239 0 0.3827 -0.7071 0 0.7071 -1.4142 0 1.41420
4 16 -2 0 0 -1 0 0 -0.9239 0 0.3827 -1.8478 0 0.7654
4 16 -1.8478 0 -0.7654 -0.9239 0 -0.3827 -1 0 0 -2 0 0
4 16 -1.4142 0 -1.4142 -0.7071 0 -0.7071 -0.9239 0 -0.3827 -1.8478 0 -0.7654
4 16 -0.7654 0 -1.8478 -0.3827 0 -0.9239 -0.7071 0 -0.7071 -1.4142 0 -1.4142
4 16 0 0 -2 0 0 -1 -0.3827 0 -0.9239 -0.7654 0 -1.8478
4 16 0.7654 0 -1.8478 0.3827 0 -0.9239 0 0 -1 0 0 -2
4 16 1.4142 0 -1.4142 0.7071 0 -0.7071 0.3827 0 -0.9239 0.7654 0 -1.8478
4 16 1.8478 0 -0.7654 0.9239 0 -0.3827 0.7071 0 -0.7071 1.4142 0 -1.4142
4 16 2 0 0 1 0 0 0.9239 0 -0.3827 1.8478 0 -0.7654
4 16 1.8478 0 0.7654 0.9239 0 0.3827 1 0 0 2 0 0
4 16 1.4142 0 1.4142 0.7071 0 0.7071 0.9239 0 0.3827 1.8478 0 0.7654
4 16 0.7654 0 1.8478 0.3827 0 0.9239 0.7071 0 0.7071 1.4142 0 1.4142
4 16 0 0 2 0 0 1 0.3827 0 0.9239 0.7654 0 1.8478
0

0 FILE 4-4ndis.dat
0 Disc Negative 1.0
0 Name: 4-4ndis.dat
0 Author: James Jessiman
0 !LDRAW_ORG Primitive UPDATE 2012-01
0 !LICENSE Licensed under CC BY 4.0 : see CAreadme.txt

0 BFC CERTIFY CCW

0 !HISTORY 2002-03-23 [sbliss] Added BFC statement; compacted code
0 !HISTORY 2002-04-25 [PTadmin] Official Update 2002-02
0 !HISTORY 2007-06-24 [PTadmin] Header formatted for Contributor Agreement
0 !HISTORY 2008-07-01 [PTadmin] Official Update 2008-01
0 !HISTORY 2012-02-16 [Philo] Changed to CCW
0 !HISTORY 2012-03-30 [PTadmin] Official Update 2012-01


3 16 0.9239 0 0.3827 1 0 0 1 0 1
3 16 0.7071 0 0.7071 0.9239 0 0.3827 1 0 1
3 16 0.3827 0 0.9239 0.7071 0 0.7071 1 0 1
3 16 0 0 1 0.3827 0 0.9239 1 0 1
3 16 -0.3827 0 0.9239 0 0 1 -1 0 1
3 16 -0.7071 0 0.7071 -0.3827 0 0.9239 -1 0 1
3 16 -0.9239 0 0.3827 -0.7071 0 0.7071 -1 0 1
3 16 -1 0 0 -0.9239 0 0.3827 -1 0 1
3 16 -0.9239 0 -0.3827 -1 0 0 -1 0 -1
3 16 -0.7071 0 -0.7071 -0.9239 0 -0.3827 -1 0 -1
3 16 -0.3827 0 -0.9239 -0.7071 0 -0.7071 -1 0 -1
3 16 0 0 -1 -0.3827 0 -0.9239 -1 0 -1
3 16 0.3827 0 -0.9239 0 0 -1 1 0 -1
3 16 0.7071 0 -0.7071 0.3827 0 -0.9239 1 0 -1
3 16 0.9239 0 -0.3827 0.7071 0 -0.7071 1 0 -1
3 16 1 0 0 0.9239 0 -0.3827 1 0 -1

0 FILE 1-4chrd.dat
0 Chord 0.25
0 Name: 1-4chrd.dat
0 Author: Max Martin Richter [MMR1988]
0 !LDRAW_ORG Primitive UPDATE 2023-05
0 !LICENSE Licensed under CC BY 4.0 : see CAreadme.txt

0 BFC CERTIFY CCW

0 !HISTORY 2004-04-22 [PTadmin] Official Update 2004-02
0 !HISTORY 2007-10-09 [PTadmin] Header formatted for Contributor Agreement
0 !HISTORY 2008-07-01 [PTadmin] Official Update 2008-01
0 !HISTORY 2012-08-02 [MMR1988] Re-creation with PrimGen2 and Rectifier
0 !HISTORY 2012-08-09 [PTadmin] Official Update 2012-02
0 !HISTORY 2023-10-27 [OrionP] Change author to MMR1988 from hafhead
0 !HISTORY 2023-10-31 [OrionP] Official Update 2023-05

4 16 0.9239 0 0.3827 0.3827 0 0.9239 0 0 1 1 0 0
3 16 0.7071 0 0.7071 0.3827 0 0.9239 0.9239 0 0.3827

0 FILE stug10-2x2.dat
0 Stud Group Truncated Laterally Curved 40D for Round 2 x 2 Parts
0 Name: stug10-2x2.dat
0 Author: Magnus Forsberg [MagFors]
0 !LDRAW_ORG Primitive UPDATE 2020-01
0 !LICENSE Licensed under CC BY 4.0 : see CAreadme.txt

0 BFC CERTIFY CCW

0 !HISTORY 2019-06-28 [PTadmin] Official Update 2019-01
0 !HISTORY 2020-06-28 [PTadmin] Official Update 2020-01


0 // activate next lines to add logos on studs
0 // 1 16 10 -4 10 1 0 0 0 1 0 0 0 1 logo5.dat
0 // 1 16 -10 -4 10 1 0 0 0 1 0 0 0 1 logo5.dat
0 // 1 16 -10 -4 -10 1 0 0 0 1 0 0 0 1 logo5.dat
0 // 1 16 10 -4 -10 1 0 0 0 1 0 0 0 1 logo5.dat

1 16 10 0 10 1 0 0 0 1 0 0 0 1 stud10.dat
1 16 -10 0 10 0 0 -1 0 1 0 1 0 0 stud10.dat
1 16 10 0 -10 0 0 1 0 1 0 -1 0 0 stud10.dat
1 16 -10 0 -10 -1 0 0 0 1 0 0 0 -1 stud10.dat

0 FILE 2-4edge.dat
0 Circle 0.5
0 Name: 2-4edge.dat
0 Author: James Jessiman
0 !LDRAW_ORG Primitive UPDATE 2017-01
0 !LICENSE Licensed under CC BY 4.0 : see CAreadme.txt

0 BFC CERTIFY CCW

0 !HISTORY 2007-06-24 [PTadmin] Header formatted for Contributor Agreement
0 !HISTORY 2008-07-01 [PTadmin] Official Update 2008-01
0 !HISTORY 2017-01-15 [Steffen] BFCed
0 !HISTORY 2017-12-30 [PTadmin] Official Update 2017-01


2 24 1 0 0 0.9239 0 0.3827
2 24 0.9239 0 0.3827 0.7071 0 0.7071
2 24 0.7071 0 0.7071 0.3827 0 0.9239
2 24 0.3827 0 0.9239 0 0 1
2 24 0 0 1 -0.3827 0 0.9239
2 24 -0.3827 0 0.9239 -0.7071 0 0.7071
2 24 -0.7071 0 0.7071 -0.9239 0 0.3827
2 24 -0.9239 0 0.3827 -1 0 0

0 FILE 2-4cyli.dat
0 Cylinder 0.5
0 Name: 2-4cyli.dat
0 Author: James Jessiman
0 !LDRAW_ORG Primitive UPDATE 2005-01
0 !LICENSE Licensed under CC BY 4.0 : see CAreadme.txt

0 BFC CERTIFY CCW

0 !HISTORY 2002-03-23 [sbliss] Added BFC statement; compacted code
0 !HISTORY 2002-04-25 [PTadmin] Official Update 2002-02
0 !HISTORY 2004-12-11 [nielsk] Recreated using Primitive Generator, Edge lines fixed, BFC changed to CCW
0 !HISTORY 2005-12-28 [PTadmin] Official Update 2005-01
0 !HISTORY 2007-06-24 [PTadmin] Header formatted for Contributor Agreement
0 !HISTORY 2008-07-01 [PTadmin] Official Update 2008-01


4 16 .9239 1 .3827 .9239 0 .3827 1 0 0 1 1 0
4 16 .7071 1 .7071 .7071 0 .7071 .9239 0 .3827 .9239 1 .3827
4 16 .3827 1 .9239 .3827 0 .9239 .7071 0 .7071 .7071 1 .7071
4 16 0 1 1 0 0 1 .3827 0 .9239 .3827 1 .9239
4 16 -.3827 1 .9239 -.3827 0 .9239 0 0 1 0 1 1
4 16 -.7071 1 .7071 -.7071 0 .7071 -.3827 0 .9239 -.3827 1 .9239
4 16 -.9239 1 .3827 -.9239 0 .3827 -.7071 0 .7071 -.7071 1 .7071
4 16 -1 1 0 -1 0 0 -.9239 0 .3827 -.9239 1 .3827
5 24 1 1 0 1 0 0 1 1 -.4142 .9239 1 .3827
5 24 .9239 1 .3827 .9239 0 .3827 1 1 0 .7071 1 .7071
5 24 .7071 1 .7071 .7071 0 .7071 .9239 1 .3827 .3827 1 .9239
5 24 .3827 1 .9239 .3827 0 .9239 .7071 1 .7071 0 1 1
5 24 0 1 1 0 0 1 .3827 1 .9239 -.3827 1 .9239
5 24 -.3827 1 .9239 -.3827 0 .9239 0 1 1 -.7071 1 .7071
5 24 -.7071 1 .7071 -.7071 0 .7071 -.3827 1 .9239 -.9239 1 .3827
5 24 -.9239 1 .3827 -.9239 0 .3827 -.7071 1 .7071 -1 1 0
5 24 -1 1 0 -1 0 0 -.9239 1 .3827 -1 1 -.4142
0

0 FILE box4t.dat
0 Box with 4 Adjacent Faces and All Edges
0 Name: box4t.dat
0 Author: Tore Eriksson [Tore_Eriksson]
0 !LDRAW_ORG Primitive UPDATE 2003-02
0 !LICENSE Licensed under CC BY 4.0 : see CAreadme.txt

0 BFC CERTIFY CCW

0 !HISTORY 1997-09-29 [PTadmin] Official Update 1997-15
0 !HISTORY 2002-08-31 [izanette] Modified with WINDZ for BFC compliance
0 !HISTORY 2003-08-01 [PTadmin] Official Update 2003-02
0 !HISTORY 2007-06-24 [PTadmin] Header formatted for Contributor Agreement
0 !HISTORY 2008-07-01 [PTadmin] Official Update 2008-01


2 24 1 1 1 -1 1 1
2 24 -1 1 1 -1 1 -1
2 24 -1 1 -1 1 1 -1
2 24 1 1 -1 1 1 1
2 24 1 0 1 -1 0 1
2 24 -1 0 1 -1 0 -1
2 24 -1 0 -1 1 0 -1
2 24 1 0 -1 1 0 1
2 24 1 0 1 1 1 1
2 24 -1 0 1 -1 1 1
2 24 1 0 -1 1 1 -1
2 24 -1 0 -1 -1 1 -1
4 16 1 1 1 1 1 -1 -1 1 -1 -1 1 1
4 16 1 1 1 -1 1 1 -1 0 1 1 0 1
4 16 -1 1 1 -1 1 -1 -1 0 -1 -1 0 1
0 // 4 16 -1 1 -1 -1 0 -1 1 0 -1 1 1 -1
4 16 1 1 -1 1 1 1 1 0 1 1 0 -1
0

0 FILE stug-1x4.dat
0 Stud Group  1 x  4
0 Name: stug-1x4.dat
0 Author: Steffen [Steffen]
0 !LDRAW_ORG Primitive UPDATE 2011-01
0 !LICENSE Licensed under CC BY 4.0 : see CAreadme.txt

0 BFC CERTIFY CCW

0 !HISTORY 2011-07-25 [PTadmin] Official Update 2011-01


1 16 -30 0 0 1 0 0 0 1 0 0 0 1 stud.dat
1 16 -10 0 0 1 0 0 0 1 0 0 0 1 stud.dat
1 16 10 0 0 1 0 0 0 1 0 0 0 1 stud.dat
1 16 30 0 0 1 0 0 0 1 0 0 0 1 stud.dat

0 FILE stug3-1x3.dat
0 Stud Tube Solid Group  1 x  3
0 Name: stug3-1x3.dat
0 Author: Steffen [Steffen]
0 !LDRAW_ORG Primitive UPDATE 2012-02
0 !LICENSE Licensed under CC BY 4.0 : see CAreadme.txt

0 BFC CERTIFY CCW

0 !HISTORY 2012-08-09 [PTadmin] Official Update 2012-02


1 16 -20 0 0 1 0 0 0 1 0 0 0 1 stud3.dat
1 16 0 0 0 1 0 0 0 1 0 0 0 1 stud3.dat
1 16 20 0 0 1 0 0 0 1 0 0 0 1 stud3.dat

0 FILE axl5hol9.dat
0 Technic Axle Hole Rounded Tooth Outer Edges
0 Name: axl5hol9.dat
0 Author: Magnus Forsberg [MagFors]
0 !LDRAW_ORG Primitive UPDATE 2022-01
0 !LICENSE Licensed under CC BY 4.0 : see CAreadme.txt

0 BFC CERTIFY CCW

0 !HISTORY 2022-01-14 [PTadmin] Official Update 2022-01


2 24 5.6023 0 2 4 0 2
2 24 4 0 2 2.5 0 2.5
2 24 2.5 0 2.5 2 0 4
2 24 2 0 4 2 0 5.6023
2 24 -2 0 5.6023 -2 0 4
2 24 -2 0 4 -2.5 0 2.5
2 24 -2.5 0 2.5 -4 0 2
2 24 -4 0 2 -5.6023 0 2
2 24 -5.6023 0 -2 -4 0 -2
2 24 -4 0 -2 -2.5 0 -2.5
2 24 -2.5 0 -2.5 -2 0 -4
2 24 -2 0 -4 -2 0 -5.6023
2 24 2 0 -5.6023 2 0 -4
2 24 2 0 -4 2.5 0 -2.5
2 24 2.5 0 -2.5 4 0 -2
2 24 4 0 -2 5.6023 0 -2

0 FILE axl5ho10.dat
0 Technic Axle Hole Rounded Tooth Surface
0 Name: axl5ho10.dat
0 Author: Magnus Forsberg [MagFors]
0 !LDRAW_ORG Primitive UPDATE 2022-01
0 !LICENSE Licensed under CC BY 4.0 : see CAreadme.txt

0 BFC CERTIFY CCW

0 !HISTORY 2022-01-14 [PTadmin] Official Update 2022-01


1 16 0 0 0 5.54328 0 -2.2961 0 1 0 2.2961 0 5.54328 1-8chrd.dat
1 16 0 0 0 -2.2961 0 -5.54328 0 1 0 5.54328 0 -2.2961 1-8chrd.dat
1 16 0 0 0 -5.54328 0 2.2961 0 1 0 -2.2961 0 -5.54328 1-8chrd.dat
1 16 0 0 0 2.2961 0 5.54328 0 1 0 -5.54328 0 2.2961 1-8chrd.dat
3 16 5.5433 0 2.2961 2.2961 0 5.5433 2.5 0 2.5
4 16 2.5 0 2.5 4 0 2 5.6023 0 2 5.5433 0 2.2961
4 16 2 0 4 2.5 0 2.5 2.2961 0 5.5433 2 0 5.6023
3 16 -2.5 0 2.5 -2.2961 0 5.5433 -5.5433 0 2.2961
4 16 -2.5 0 2.5 -2 0 4 -2 0 5.6023 -2.2961 0 5.5433
4 16 -5.6023 0 2 -4 0 2 -2.5 0 2.5 -5.5433 0 2.2961
4 16 -4 0 -2 -5.6023 0 -2 -5.5433 0 -2.2961 -2.5 0 -2.5
3 16 -5.5433 0 -2.2961 -2.2961 0 -5.5433 -2.5 0 -2.5
4 16 -2.2961 0 -5.5433 -2 0 -5.6023 -2 0 -4 -2.5 0 -2.5
3 16 2.2961 0 -5.5433 5.5433 0 -2.2961 2.5 0 -2.5
4 16 2 0 -5.6023 2.2961 0 -5.5433 2.5 0 -2.5 2 0 -4
4 16 4 0 -2 2.5 0 -2.5 5.5433 0 -2.2961 5.6023 0 -2

0 FILE axl5hol8.dat
0 Technic Axle Hole Rounded Perimeter
0 Name: axl5hol8.dat
0 Author: Magnus Forsberg [MagFors]
0 !LDRAW_ORG Primitive UPDATE 2022-01
0 !LICENSE Licensed under CC BY 4.0 : see CAreadme.txt

0 BFC CERTIFY CCW

0 !HISTORY 2022-01-14 [PTadmin] Official Update 2022-01


4 16 6 1 0 6 0 0 5.6023 0 2 5.6023 1 2
4 16 4 1 2 5.6023 1 2 5.6023 0 2 4 0 2
4 16 4 1 2 4 0 2 2.5 0 2.5 2.5 1 2.5
4 16 2.5 1 2.5 2.5 0 2.5 2 0 4 2 1 4
4 16 2 1 4 2 0 4 2 0 5.6023 2 1 5.6023
4 16 2 0 5.6023 0 0 6 0 1 6 2 1 5.6023
4 16 0 1 6 0 0 6 -2 0 5.6023 -2 1 5.6023
4 16 -2 1 4 -2 1 5.6023 -2 0 5.6023 -2 0 4
4 16 -2 1 4 -2 0 4 -2.5 0 2.5 -2.5 1 2.5
4 16 -2.5 1 2.5 -2.5 0 2.5 -4 0 2 -4 1 2
4 16 -4 1 2 -4 0 2 -5.6023 0 2 -5.6023 1 2
4 16 -5.6023 1 2 -5.6023 0 2 -6 0 0 -6 1 0
4 16 -6 1 0 -6 0 0 -5.6023 0 -2 -5.6023 1 -2
4 16 -5.6023 1 -2 -5.6023 0 -2 -4 0 -2 -4 1 -2
4 16 -4 1 -2 -4 0 -2 -2.5 0 -2.5 -2.5 1 -2.5
4 16 -2.5 1 -2.5 -2.5 0 -2.5 -2 0 -4 -2 1 -4
4 16 -2 1 -4 -2 0 -4 -2 0 -5.6023 -2 1 -5.6023
4 16 -2 0 -5.6023 0 0 -6 0 1 -6 -2 1 -5.6023
4 16 0 1 -6 0 0 -6 2 0 -5.6023 2 1 -5.6023
4 16 2 1 -5.6023 2 0 -5.6023 2 0 -4 2 1 -4
4 16 2 1 -4 2 0 -4 2.5 0 -2.5 2.5 1 -2.5
4 16 2.5 1 -2.5 2.5 0 -2.5 4 0 -2 4 1 -2
4 16 4 1 -2 4 0 -2 5.6023 0 -2 5.6023 1 -2
4 16 5.6023 1 -2 5.6023 0 -2 6 0 0 6 1 0

2 24 5.6023 1 2 5.6023 0 2
2 24 2 1 5.6023 2 0 5.6023
2 24 -2 1 5.6023 -2 0 5.6023
2 24 -5.6023 1 2 -5.6023 0 2
2 24 -5.6023 1 -2 -5.6023 0 -2
2 24 -2 1 -5.6023 -2 0 -5.6023
2 24 2 1 -5.6023 2 0 -5.6023
2 24 5.6023 1 -2 5.6023 0 -2

5 24 6 1 0 6 0 0 5.6023 1 2 5.6023 1 -2
5 24 4 1 2 4 0 2 5.6023 1 2 2.5 1 2.5
5 24 2.5 1 2.5 2.5 0 2.5 2 1 4 4 1 2
5 24 2 1 4 2 0 4 2.5 1 2.5 2 1 5.6023
5 24 0 1 6 0 0 6 2 1 5.6023 -2 1 5.6023
5 24 -2 1 4 -2 0 4 -2 1 5.6023 -2.5 1 2.5
5 24 -2.5 1 2.5 -2.5 0 2.5 -2 1 4 -4 1 2
5 24 -4 1 2 -4 0 2 -2.5 1 2.5 -5.6023 1 2
5 24 -6 1 0 -6 0 0 -5.6023 1 2 -5.6023 1 -2
5 24 -4 1 -2 -4 0 -2 -5.6023 1 -2 -2.5 1 -2.5
5 24 -2.5 1 -2.5 -2.5 0 -2.5 -4 1 -2 -2 1 -4
5 24 -2 1 -4 -2 0 -4 -2.5 1 -2.5 -2 1 -5.6023
5 24 0 1 -6 0 0 -6 -2 1 -5.6023 2 1 -5.6023
5 24 2 1 -4 2 0 -4 2 1 -5.6023 2.5 1 -2.5
5 24 2.5 1 -2.5 2.5 0 -2.5 4 1 -2 2 1 -4
5 24 4 1 -2 4 0 -2 5.6023 1 -2 2.5 1 -2.5

0 FILE 1-16chrd.dat
0 Chord 0.0625
0 Name: 1-16chrd.dat
0 Author: Philippe Hurbain [Philo]
0 !LDRAW_ORG Primitive UPDATE 2015-01
0 !LICENSE Licensed under CC BY 4.0 : see CAreadme.txt

0 BFC CERTIFY CCW

0 !HISTORY 2015-10-11 [PTadmin] Official Update 2015-01


0 // This file is intentionally empty because at the current \P resolution,
0 // an 1-16chrd is actually empty. However, this file still is present
0 // to allow tools to do primitives substition and fill in a real chrd here,
0 // or, if desired, to substitute this with the hi-res 48\1-16chrd.

0 // This file is based on an idea by Darats at http://forums.ldraw.org/read.php?19,14500,14500#msg-14500

1 16 0 0 0 1 0 0 0 1 0 0 0 1 empty.dat

0 FILE stud10.dat
0 Stud Truncated Laterally Curved 40D for Round  2 x  2 Parts
0 Name: stud10.dat
0 Author: Orion Pobursky [OrionP]
0 !LDRAW_ORG Primitive UPDATE 2020-01
0 !LICENSE Licensed under CC BY 4.0 : see CAreadme.txt

0 BFC CERTIFY CCW

0 !HISTORY 2004-01-06 [Steffen] Fixed Header
0 !HISTORY 2004-04-22 [PTadmin] Official Update 2004-02
0 !HISTORY 2007-06-24 [PTadmin] Header formatted for Contributor Agreement
0 !HISTORY 2008-07-01 [PTadmin] Official Update 2008-01
0 !HISTORY 2012-02-16 [Philo] Changed to CCW
0 !HISTORY 2012-03-30 [PTadmin] Official Update 2012-01
0 !HISTORY 2018-02-25 [MagFors] Corrected and added cond-lines
0 !HISTORY 2019-06-28 [PTadmin] Official Update 2019-01
0 !HISTORY 2020-06-28 [PTadmin] Official Update 2020-01


2 24 6 0 0 5.6145 0 1.9397
2 24 1.9387 0 5.6145 0 0 6
2 24 5.6145 -4 1.9397 5.6145 0 1.9397
2 24 6 -4 0 5.6145 -4 1.9397
2 24 5.6145 -4 1.9397 4.142 -4 4.142
2 24 4.142 -4 4.142 1.9397 -4 5.6145
2 24 1.9397 -4 5.6145 0 -4 6
2 24 1.9397 -4 5.6145 1.9387 0 5.6145

5 24 4.142 -4 4.142 4.142 0 4.142 1.9397 -4 5.6145 5.6145 -4 1.9397
5 24 6 -4 0 6 0 0 5.5434 -4 -2.2962 5.6145 -4 1.9397
5 24 0 -4 6 0 0 6 1.9397 -4 5.6145 -2.2962 -4 5.5434

1 16 0 -4 0 0 0 -6 0 4 0 6 0 0 3-4cyli.dat
1 16 0 0 0 0 0 -6 0 1 0 6 0 0 3-4edge.dat
1 16 0 -4 0 0 0 -6 0 1 0 6 0 0 3-4edge.dat
1 16 0 -4 0 0 0 -6 0 1 0 6 0 0 3-4disc.dat
3 16 6 -4 0 5.6145 -4 1.9397 0 -4 0
3 16 5.6145 -4 1.9397 4.142 -4 4.142 0 -4 0
3 16 4.142 -4 4.142 1.9397 -4 5.6145 0 -4 0
3 16 1.9397 -4 5.6145 0 -4 6 0 -4 0
4 16 6 0 0 5.6145 0 1.9397 5.6145 -4 1.9397 6 -4 0
4 16 5.6145 0 1.9397 4.142 0 4.142 4.142 -4 4.142 5.6145 -4 1.9397
4 16 4.142 0 4.142 1.9387 0 5.6145 1.9397 -4 5.6145 4.142 -4 4.142
4 16 1.9387 0 5.6145 0 0 6 0 -4 6 1.9397 -4 5.6145

0 FILE stud3.dat
0 Stud Tube Solid
0 Name: stud3.dat
0 Author: James Jessiman
0 !LDRAW_ORG Primitive UPDATE 2012-01
0 !LICENSE Licensed under CC BY 4.0 : see CAreadme.txt

0 BFC CERTIFY CCW

0 !HISTORY 2002-04-04 [sbliss] Modified for BFC compliance
0 !HISTORY 2002-04-25 [PTadmin] Official Update 2002-02
0 !HISTORY 2007-06-24 [PTadmin] Header formatted for Contributor Agreement
0 !HISTORY 2008-07-01 [PTadmin] Official Update 2008-01
0 !HISTORY 2012-02-16 [Philo] Changed to CCW
0 !HISTORY 2012-03-30 [PTadmin] Official Update 2012-01


1 16 0 -4 0 4 0 0 0 1 0 0 0 4 4-4edge.dat
1 16 0 0 0 4 0 0 0 1 0 0 0 4 4-4edge.dat
1 16 0 -4 0 4 0 0 0 1 0 0 0 4 4-4disc.dat
1 16 0 -4 0 4 0 0 0 4 0 0 0 4 4-4cyli.dat

0 FILE empty.dat
0 Empty
0 Name: empty.dat
0 Author: Steffen [Steffen]
0 !LDRAW_ORG Primitive UPDATE 2025-08
0 !LICENSE Licensed under CC BY 4.0 : see CAreadme.txt

0 BFC CERTIFY CCW

0 !HISTORY 2015-10-11 [PTadmin] Official Update 2015-01
0 !HISTORY 2025-08-13 [OrionP] Fix comments
0 !HISTORY 2025-08-31 [OrionP] Official Update 2025-08

0 // Tool MLCad cannot handle really empty files. This file is used as a workaround.
0 // It exceptionally contains forbidden non-LDRAW standard syntax to satisfy MLCad
0 // until it is fixed OR a different editor has become the de-facto LDRAW standard.
0 // The line being used here is an "impossible" conditional line which never should be visible,
0 // additionally hidden by a syntax explicitly hiding it from displaying.

0 MLCAD HIDE 5 24 0 0 0 0.0001 0 0 0.0001 -0.0001 0 0 0 0

0 FILE 3-4disc.dat
0 Disc 0.75
0 Name: 3-4disc.dat
0 Author: James Jessiman
0 !LDRAW_ORG Primitive UPDATE 2002-02
0 !LICENSE Licensed under CC BY 4.0 : see CAreadme.txt

0 BFC CERTIFY CCW

0 !HISTORY 2002-03-23 [sbliss] Added BFC statement
0 !HISTORY 2002-04-25 [PTadmin] Official Update 2002-02
0 !HISTORY 2007-06-24 [PTadmin] Header formatted for Contributor Agreement
0 !HISTORY 2008-07-01 [PTadmin] Official Update 2008-01


3 16 0 0 0 1 0 0 0.9239 0 0.3827
3 16 0 0 0 0.9239 0 0.3827 0.7071 0 0.7071
3 16 0 0 0 0.7071 0 0.7071 0.3827 0 0.9239
3 16 0 0 0 0.3827 0 0.9239 0 0 1
3 16 0 0 0 0 0 1 -0.3827 0 0.9239
3 16 0 0 0 -0.3827 0 0.9239 -0.7071 0 0.7071
3 16 0 0 0 -0.7071 0 0.7071 -0.9239 0 0.3827
3 16 0 0 0 -0.9239 0 0.3827 -1 0 0
3 16 0 0 0 -1 0 0 -0.9239 0 -0.3827
3 16 0 0 0 -0.9239 0 -0.3827 -0.7071 0 -0.7071
3 16 0 0 0 -0.7071 0 -0.7071 -0.3827 0 -0.9239
3 16 0 0 0 -0.3827 0 -0.9239 0 0 -1
0
