1  3      0   -56   -20    1  0  0    0  1  0    0  0  1    parts/3626bp01.dat
1  4      0   -32   -20    1  0  0    0  1  0    0  0  1    parts/973c01.dat
1  3    -15.552  -23 -20    1  0  0    0  1  0    0  0  1    parts/3818.dat
1  3     15.552  -23 -20    1  0  0    0  1  0    0  0  1    parts/3819.dat
1  2      0      0  -20    1  0  0    0  1  0    0  0  1    parts/3815.dat
1  4      0     12  -20    1  0  0    0  1  0    0  0  1    parts/3816.dat
1  4      0     12  -20    1  0  0    0  1  0    0  0  1    parts/3817.dat
1  3    -60   -48    20    1  0  0    0  1  0    0  0  1    parts/3626bp01.dat
1  1    -60   -24    20    1  0  0    0  1  0    0  0  1    parts/973c01.dat
1  3    -75.552  -15  20    1  0  0    0  1  0    0  0  1    parts/3818.dat
1  3    -44.448  -15  20    1  0  0    0  1  0    0  0  1    parts/3819.dat
1  1    -60      8    20    1  0  0    0  1  0    0  0  1    parts/3815.dat
1  3    -20   -48    20    1  0  0    0  1  0    0  0  1    parts/3626bp01.dat
1  4    -20   -24    20    1  0  0    0  1  0    0  0  1    parts/973c01.dat
1  3    -35.552  -15  20    1  0  0    0  1  0    0  0  1    parts/3818.dat
1  3      3.552  -15  20    1  0  0    0  1  0    0  0  1    parts/3819.dat
1  4    -20      8    20    1  0  0    0  1  0    0  0  1    parts/3815.dat
1  3     40   -48    20    1  0  0    0  1  0    0  0  1    parts/3626bp01.dat
1  2     40   -24    20    1  0  0    0  1  0    0  0  1    parts/973c01.dat
1  3     24.448  -15  20    1  0  0    0  1  0    0  0  1    parts/3818.dat
1  3     55.552  -15  20    1  0  0    0  1  0    0  0  1    parts/3819.dat
1  2     40      8    20    1  0  0    0  1  0    0  0  1    parts/3815.dat
1  3    -60   -56   -20    1  0  0    0  1  0    0  0  1    parts/3626bp01.dat
1  0    -60   -32   -20    1  0  0    0  1  0    0  0  1    parts/973c01.dat
1  3    -75.552  -23 -20    1  0  0    0  1  0    0  0  1    parts/3818.dat
1  3    -44.448  -23 -20    1  0  0    0  1  0    0  0  1    parts/3819.dat
1  0    -60      0  -20    1  0  0    0  1  0    0  0  1    parts/3815.dat
