1  2    -20   -84   -30    1  0  0    0  1  0    0  0  1    parts/3626bp01.dat
1  4    -20   -60   -30    1  0  0    0  1  0    0  0  1    parts/973c01.dat
1  2    -35.552  -51 -30    1  0  0    0  1  0    0  0  1    parts/3818.dat
1  2     -4.448  -51 -30    1  0  0    0  1  0    0  0  1    parts/3819.dat
1  4    -20   -28   -30    1  0  0    0  1  0    0  0  1    parts/3815.dat
1  4    -20   -16   -30    1  0  0    0  1  0    0  0  1    parts/3816.dat
1  4    -20   -16   -30    1  0  0    0  1  0    0  0  1    parts/3817.dat
1  1      0   -40   -20    1  0  0    0  1  0    0  0  1    parts/3626bp01.dat
1  2      0   -28   -20    1  0  0    0  1  0    0  0  1    parts/973c01.dat
1  3     40   -84   -10    1  0  0    0  1  0    0  0  1    parts/3626bp01.dat
1  14    40   -60   -10    1  0  0    0  1  0    0  0  1    parts/973c01.dat
1  3     24.448  -51 -10    1  0  0    0  1  0    0  0  1    parts/3818.dat
1  3     55.552  -51 -10    1  0  0    0  1  0    0  0  1    parts/3819.dat
1  0     40   -28   -10    1  0  0    0  1  0    0  0  1    parts/3815.dat
1  0     40   -16   -10    1  0  0    0  1  0    0  0  1    parts/3816.dat
1  0     40   -16   -10    1  0  0    0  1  0    0  0  1    parts/3817.dat
